          1        1.000   2.861000000000   0.000000000000   3.992000000000   3.305905660377   2.670433962264   1.094000000000  -0.009324675325  -0.291857142857  -0.570428571429  -0.828121951220  -1.103597402597  -1.866208860759  -2.329506944444  -2.945000000000
          1        2.000   2.633000000000   0.000000000000   2.623902361755   1.970653075267   1.629212986907   0.928685576998   0.002189221437  -0.300161971700  -0.542732760313  -0.852569799189  -1.157715889632  -1.735120166227  -2.161364267773  -2.587008435771
          1        3.000   4.417000000000   0.000000000000   4.393727952696   3.052064762457   2.444957243369   1.334526817687   0.010676165136  -0.295150950625  -0.538876286815  -0.844429191220  -1.133148679885  -1.653170997705  -2.031600321799  -2.431920053769
          1        4.000   3.715000000000   0.000000000000   3.703414423732   2.816098491691   2.339278016323   1.347713159011   0.027370995746  -0.285128161835  -0.528279813033  -0.824324375896  -1.097681507123  -1.581186292195  -1.932972959368  -2.317566643155
          1        5.000   4.884000000000   0.000000000000   4.861373847624   3.479382710506   2.828298091465   1.600657355100   0.109983868673  -0.271962587755  -0.512435482575  -0.799224621870  -1.060329797393  -1.518112511826  -1.852135874557  -2.225247188431
          1        6.000   7.242000000000   0.000000000000   7.206775728803   5.132654336550   4.185896448684   2.463223963503   0.476381583017  -0.243645521589  -0.490602226189  -0.771784489204  -1.023543287647  -1.462051250276  -1.782961859106  -2.146967410866
          1        7.000  11.392000000000   0.000000000000  11.336143411919   8.101212527992   6.638353586848   3.985346984459   0.941070855736  -0.212931706452  -0.463966363066  -0.741799028618  -0.987166477271  -1.411419652020  -1.722268833161  -2.078779017584
          1        8.000   8.799000000000   0.000000000000   8.780222961652   7.141896645092   6.210466972406   4.205009151987   1.452029552027  -0.156683853655  -0.428600102748  -0.709348816299  -0.951019552352  -1.364723851077  -1.667695628389  -2.017946002776
          1        9.000  10.312000000000   0.000000000000  10.273934529671   7.888213442723   6.747543678121   4.578048452693   1.933961959987  -0.091522789565  -0.388447635635  -0.673849893352  -0.914151521040  -1.320819216936  -1.617763290265  -1.962835145012
          1       10.000  10.063000000000   0.000000000000  10.033597959083   7.994534132156   6.956020409935   4.879569615869   2.216887624463  -0.028952192955  -0.351329801628  -0.637906338951  -0.877142597633  -1.278909074639  -1.571329109057  -1.912229313763
          1       11.000   7.578000000000   0.000000000000   7.566953399406   6.468774231644   5.810699043564   4.342362769109   2.253882848783   0.073434644520  -0.312291155498  -0.602971232143  -0.841256169920  -1.238845623964  -1.527644313283  -1.865150987408
          1       12.000   5.289000000000   0.000000000000   5.284734916773   4.673912459300   4.265644120846   3.291075833336   1.814910231785   0.212858509285  -0.272542391552  -0.568310650400  -0.806321023385  -1.200587851272  -1.486352820334  -1.820991202944
          1       13.000   4.694000000000   0.000000000000   4.684218827547   3.932020193521   3.522555095505   2.652382825498   1.448072802998   0.189633551968  -0.240853674959  -0.535444699475  -0.772597630219  -1.163980159900  -1.447167300229  -1.779325994065
          1       14.000   6.013000000000   0.000000000000   5.990877557031   4.664128158334   4.047325237342   2.897955086244   1.523801980707   0.220794008869  -0.217621307722  -0.506868164565  -0.741337224825  -1.129134477697  -1.409908264611  -1.739839264771
          1       15.000   8.297000000000   0.000000000000   8.264172048575   6.343244951465   5.470578455245   3.888297954294   2.077100401863   0.432542002427  -0.183883663451  -0.480894462754  -0.712868451684  -1.096351654394  -1.374573353135  -1.702329102916
          1       16.000  12.909000000000   0.000000000000  12.853539693033   9.713758556928   8.325999964513   5.881014320691   3.201795569303   0.887048828398  -0.115898666210  -0.452296707891  -0.685272196683  -1.065505983722  -1.341156230476  -1.666683858994
          1       17.000  10.614000000000   0.000000000000  10.596111242648   9.061315828112   8.197692397060   6.358084915957   3.874011997904   1.393210088055   0.181490694730  -0.410981823448  -0.654963161007  -1.035783749032  -1.309395452141  -1.632778041397
          1       18.000   7.266000000000   0.000000000000   7.264159738881   6.671470616323   6.227554221828   5.110950319191   3.349873692895   1.381041552827   0.358151177344  -0.353006328629  -0.617246703275  -1.005541346312  -1.278640605519  -1.600367681034
          1       19.000  10.300000000000   0.000000000000  10.262003690668   8.088625267451   7.112136763562   5.344428592642   3.299365326618   1.409573015507   0.493717974115  -0.296468408945  -0.576088904338  -0.973624776104  -1.247986703744  -1.569028468607
          1       20.000  14.891000000000   0.000000000000  14.832948686696  11.514235488020  10.036616417294   7.416947076532   4.528427270847   2.033577173392   0.886175181026  -0.240636468048  -0.535595934690  -0.940798534527  -1.217096080043  -1.538327023842
          1       21.000  10.420000000000   0.000000000000  10.415521375815   9.493277341451   8.847963245032   7.301523515134   4.997968682997   2.553179262006   1.325682803712  -0.144341209079  -0.490984174370  -0.907741590118  -1.186177249368  -1.508064136779
          1       22.000   6.722000000000   0.000000000000   6.726507749704   6.515570837111   6.244760094838   5.431152039052   3.978433328469   2.227512258330   1.279330528152  -0.017080208385  -0.437675633743  -0.873351333397  -1.155134826523  -1.478172359503
          1       23.000   5.862000000000   0.000000000000   5.855436553247   5.282825213914   4.947001096539   4.183653343368   3.033168708590   1.730576874503   1.032636502098   0.075886146020  -0.389409718512  -0.837542071880  -1.123560893838  -1.448477583150
          1       24.000   5.915000000000   0.000000000000   5.902804693577   5.075847793591   4.655552235247   3.804400754036   2.673757246550   1.505462260929   0.905382567187   0.098347225491  -0.350303037800  -0.802665571586  -1.091851593366  -1.418862970807
          1       25.000   4.952000000000   0.000000000000   4.946305959060   4.423092440520   4.116323421675   3.434968976429   2.456331183505   1.406622543099   0.862439850716   0.129320144589  -0.320046898032  -0.770310705382  -1.060887625154  -1.389510663857
          1       26.000   6.248000000000   0.000000000000   6.228691943498   5.090418688516   4.567301175114   3.601025225423   2.455387997967   1.374780684003   0.844076438400   0.145015215675  -0.295960427325  -0.741030901970  -1.031361276076  -1.360757238442
          1       27.000   8.157000000000   0.000000000000   8.129516587850   6.521337902922   5.791524223387   4.472001503121   2.974557042124   1.641364808224   1.014297040100   0.213215094867  -0.275383202303  -0.714697894205  -1.003612091105  -1.332911004074
          1       28.000   7.741000000000   0.000000000000   7.725557210799   6.616518577058   6.042828439267   4.888211631596   3.409343533467   1.971615500263   1.268520302478   0.354534342504  -0.251080148550  -0.690742012766  -0.977688421245  -1.306171194519
          1       29.000   9.250000000000   0.000000000000   9.222995156016   7.590765689653   6.829857481550   5.414488638977   3.739654955026   2.185340066038   1.435907019146   0.464367592426  -0.223002817541  -0.667972854495  -0.953337843161  -1.280606028982
          1       30.000   7.398000000000   0.000000000000   7.391233193129   6.673496151712   6.235260869176   5.249440026692   3.840703450250   2.362806149307   1.612897222034   0.618948789087  -0.186250462014  -0.645652432091  -0.930121201269  -1.256138716975
          1       31.000   7.283000000000   0.000000000000   7.269636550147   6.340027397087   5.861531197313   4.886246931042   3.588862381987   2.255194349230   1.573617803434   0.658636833148  -0.147428026331  -0.623013910423  -0.907645256262  -1.232611406841
          1       32.000   8.344000000000   0.000000000000   8.322125915650   6.976772646651   6.340316877037   5.137240300631   3.678138093067   2.288840402273   1.608499977407   0.719855614219  -0.108212937799  -0.600192394100  -0.885562506476  -1.209832766666
          1       33.000   9.153000000000   0.000000000000   9.130078128982   7.679931130492   6.983189475337   5.655622901644   4.045035477358   2.529270930178   1.796799015567   0.850441649391  -0.056438930410  -0.577658641049  -0.863857668518  -1.187650133478
          1       34.000   5.683000000000   0.000000000000   5.689048259071   5.619643788267   5.439028297054   4.853071049895   3.792471415997   2.532310745679   1.857163081165   0.934513665774   0.007931275414  -0.555221096903  -0.842529135365  -1.165993208507
          1       35.000   6.576000000000   0.000000000000   6.560724804207   5.638797421104   5.202763622840   4.363938180586   3.295668809764   2.203173871704   1.636691952595   0.862996570755   0.079154109207  -0.533020114048  -0.821561737206  -1.144813235745
          1       36.000   7.128000000000   0.000000000000   7.111502623189   6.062647950328   5.555474208533   4.579623396320   3.372838866008   2.206971005818   1.630973945760   0.872919878745   0.124392003755  -0.511061451700  -0.800942830531  -1.124077181535
          1       37.000   7.524000000000   0.000000000000   7.507224759730   6.418363262658   5.885628040120   4.853279374186   3.572542693307   2.341310260454   1.737806418841   0.949331583289   0.174193687865  -0.490215130021  -0.780765334990  -1.103765087291
          1       38.000   7.505000000000   0.000000000000   7.490483774944   6.498006538507   5.996441045327   4.998756769254   3.725012400102   2.476080022914   1.859294425308   1.052054425870   0.259830023909  -0.470656915735  -0.761250174521  -1.083909122516
          1       39.000   6.193000000000   0.000000000000   6.188146056234   5.674315370749   5.358714766831   4.641022618959   3.594995601745   2.470272860882   1.888260609192   1.104420533337   0.321051714878  -0.451358235747  -0.742434050354  -1.064569001772
          1       40.000   4.214000000000   0.000000000000   4.217540375708   4.181676308370   4.075761003005   3.717900957752   3.036487214766   2.181443218114   1.703771310084   1.028126506471   0.328884454441  -0.432123887244  -0.724111902413  -1.045749044220
          1       41.000   4.108000000000   0.000000000000   4.102843218018   3.732982913164   3.535149048178   3.109748094332   2.491414723030   1.789864469363   1.404725352097   0.858191847430   0.287825016550  -0.413807729803  -0.706241256093  -1.027403068531
          1       42.000   4.420000000000   0.000000000000   4.411006574545   3.839539148350   3.561297304781   3.017532744112   2.321709562705   1.616530399172   1.253836092010   0.759923692955   0.257581369556  -0.397048978697  -0.688977525443  -1.009518858853
          1       43.000   5.578000000000   0.000000000000   5.561705311166   4.611067864167   4.179365667338   3.395000116485   2.492222226904   1.669871889085   1.275583553694   0.764866515085   0.263997990442  -0.382212027193  -0.672523732279  -0.992137227409
          1       44.000   7.315000000000   0.000000000000   7.291545904150   5.934604520861   5.325062007433   4.236095415433   3.025543232291   1.976677720469   1.495394298079   0.895353975862   0.325666428618  -0.369006867482  -0.657027198416  -0.975327753835
          1       45.000  12.505000000000   0.000000000000  12.452992410772   9.630170288228   8.429109064554   6.403175280365   4.341810225013   2.722540893090   2.030688554500   1.215580222866   0.477703870938  -0.356577646767  -0.642476542560  -0.959150595454
          1       46.000  13.848000000000   0.000000000000  13.811020072297  11.482674457945  10.377287952113   8.318153487046   5.941468780096   3.869009538394   2.937839182149   1.816892263714   0.801606048902  -0.343767695870  -0.628682693787  -0.943618454255
          1       47.000  13.288000000000   0.000000000000  13.264273948352  11.571901136551  10.700759960104   8.957402748687   6.748792299860   4.641728290071   3.634517601435   2.360090187475   1.151050301490  -0.326543479124  -0.615211818803  -0.928674843550
          1       48.000  12.362000000000   0.000000000000  12.344462581904  11.019915556386  10.312555180150   8.846388054518   6.895077484543   4.932857389036   3.957168770935   2.682812811201   1.443823616436  -0.300700978089  -0.601070365999  -0.914136237081
          1       49.000  10.019000000000   0.000000000000  10.014785147742   9.400130847426   8.988021404382   8.002406385242   6.500220939402   4.837767914072   3.966366990362   2.786197663326   1.605789391572  -0.265193281583  -0.585064688929  -0.899632490363
          1       50.000   9.776000000000   0.000000000000   9.762999060203   8.838813183341   8.354733956591   7.348760609921   5.970603485035   4.507033426454   3.739980429664   2.687509944514   1.614207490960  -0.223555692262  -0.566529111976  -0.884702390171
          1       51.000   8.137000000000   0.000000000000   8.133554355152   7.668614228702   7.360600697380   6.623766716212   5.489405792067   4.208884434386   3.523393367545   2.574513908111   1.602914639420  -0.178623018903  -0.546000619966  -0.869004749795
          1       52.000   5.812000000000   0.000000000000   5.817274138496   5.850351422532   5.762302347145   5.408103929264   4.675210006356   3.711719755640   3.158363464865   2.357808649346   1.510173985859  -0.139443232930  -0.524291134226  -0.852513592855
          1       53.000   4.303000000000   0.000000000000   4.307510116549   4.400695038651   4.375080105928   4.190207941620   3.725111853846   3.045066625764   2.630196317110   2.003321802578   1.316174130560  -0.104716302591  -0.502675584922  -0.835411815680
          1       54.000   4.082000000000   0.000000000000   4.079622804048   3.882824290627   3.766478232287   3.491288579132   3.041184058440   2.474168433152   2.140309483392   1.638851882228   1.086149886830  -0.079956335466  -0.482016605485  -0.818063462772
          1       55.000   9.054000000000   0.000000000000   9.013659736200   6.951900883813   6.117483363476   4.774485977638   3.481004442939   2.484085724936   2.045068235787   1.498087636237   0.968661117064  -0.066949780461  -0.462878765220  -0.800826819537
          1       56.000  11.002000000000   0.000000000000  10.969469240810   9.026975092044   8.138673360135   6.538966501581   4.771712573354   3.290820500370   2.641350911210   1.872526939948   1.185118116767  -0.050941083630  -0.445730962144  -0.784022904115
          1       57.000   5.584000000000   0.000000000000   5.601206814161   6.025026636703   6.017028119321   5.667487246127   4.789171871886   3.665054813532   3.064563057243   2.262528314711   1.480292099325  -0.014090915319  -0.430325203016  -0.767903316641
          1       58.000   5.099000000000   0.000000000000   5.097211090048   4.902108494769   4.772221403248   4.441209596380   3.870145341518   3.143552256311   2.722480464722   2.105179594973   1.443707823433   0.062882715357  -0.415772659511  -0.752548359860
          1       59.000   4.623000000000   0.000000000000   4.620517069380   4.382242809143   4.236474378423   3.894440607442   3.357856831026   2.719573381164   2.359441506482   1.835697705000   1.272846723241   0.083143971559  -0.400944828249  -0.737825894355
          1       60.000   4.863000000000   0.000000000000   4.855637375898   4.384871463131   4.153438727897   3.694150541509   3.088855319027   2.451187307955   2.112091656248   1.635767349909   1.135396240763   0.090500480341  -0.386230236984  -0.723502580567
          1       61.000   6.392000000000   0.000000000000   6.374088922942   5.364423756318   4.917870167184   4.125784919080   3.239514355197   2.445654074853   2.065305528101   1.569220274855   1.077282656875   0.093229940219  -0.372447361593  -0.709519077397
          1       62.000   4.398000000000   0.000000000000   4.401001374794   4.329659432018   4.211673755795   3.852926587855   3.230809501109   2.513436196196   2.135938594405   1.626155270173   1.116887527089   0.110401320706  -0.359857836202  -0.695971009877
          1       63.000   4.258000000000   0.000000000000   4.253681469970   3.937330424777   3.767144442977   3.402339891570   2.879218676016   2.297556722273   1.982990935736   1.540606283462   1.079165373342   0.128188162146  -0.348303156789  -0.682958009286
          1       64.000   4.434000000000   0.000000000000   4.427037966942   3.975502866485   3.752644517536   3.312161184382   2.741235090794   2.156509059125   1.853380935695   1.436928335377   1.007978154832   0.126430657363  -0.337455213997  -0.670512673066
          1       65.000   2.428000000000   0.000000000000   2.435744305604   2.684380661639   2.723928929198   2.664529906687   2.389386729086   1.965458690792   1.712903479229   1.342988482908   0.948647722619   0.124922940203  -0.327257560097  -0.658607057640
          1       66.000   2.273000000000   0.000000000000   2.272669540975   2.225565933102   2.189411088213   2.085252403194   1.880038841943   1.588893476854   1.407620059330   1.126190278298   0.808399805495   0.106816596513  -0.317799960380  -0.647211739936
          1       67.000   3.680000000000   0.000000000000   3.667790056040   3.029276283360   2.763596791895   2.318020553562   1.849632414681   1.439307652828   1.238313192040   0.965424284507   0.681440106167   0.081859641831  -0.309186910783  -0.636320002159
          1       68.000   4.906000000000   0.000000000000   4.890803820777   4.025915562815   3.643027704383   2.970133271921   2.241395128136   1.627541715808   1.350939722387   1.010318837473   0.690305519471   0.079198370427  -0.301547355346  -0.625944266117
          1       69.000   4.289000000000   0.000000000000   4.284198965431   3.872615571279   3.641884641825   3.153759862435   2.503592253019   1.865388861854   1.557298274946   1.166467485553   0.796734226827   0.101159843672  -0.294838524711  -0.616109357055
          1       70.000   3.040000000000   0.000000000000   3.042158116118   3.015288168030   2.948183150297   2.728980264078   2.326687892707   1.841477070082   1.578940496891   1.217496403355   0.851398661067   0.121818286916  -0.288776280287  -0.606825989444
          1       71.000   3.396000000000   0.000000000000   3.390034678377   3.030913008802   2.861202882708   2.534400914292   2.116077005986   1.683185942917   1.455258733372   1.137866988365   0.807447069890   0.123241101558  -0.283024760870  -0.598064006786
          1       72.000   4.317000000000   0.000000000000   4.305468251117   3.646751897097   3.352496372158   2.826017124234   2.231351603013   1.696253232861   1.440070338491   1.106851440818   0.777528503304   0.120269099710  -0.277443758655  -0.589756424267
          1       73.000   3.219000000000   0.000000000000   3.219390024574   3.094080203067   2.985851312829   2.702906741491   2.252849514165   1.754347985782   1.496118575374   1.150276703471   0.806558575507   0.128737538969  -0.272068812394  -0.581832383665
          1       74.000   8.118000000000   0.000000000000   8.078946114758   6.095592639935   5.299305353291   4.033857016941   2.852200775418   1.992299713000   1.636669220320   1.221042211689   0.843923333946   0.139155012362  -0.266913892582  -0.574241709954
          1       75.000  10.400000000000   0.000000000000  10.366473839849   8.403043944587   7.519291672450   5.954785644943   4.274778592098   2.919600179380   2.346949718868   1.695848323558   1.141224736058   0.202556865961  -0.261912619612  -0.566950724730
          1       76.000   9.139000000000   0.000000000000   9.127315383439   8.159759973101   7.626986741589   6.517790340911   5.075364680741   3.704642707321   3.065184106472   2.285279915472   1.582710181060   0.348206959075  -0.256671489703  -0.559926305716
          1       77.000   4.111000000000   0.000000000000   4.131886754205   4.857127831097   5.010538611268   4.980969908914   4.478651374304   3.660286895178   3.181452179208   2.504589660156   1.815816656768   0.463429247339  -0.249985007493  -0.553093454394
          1       78.000   6.728000000000   0.000000000000   6.708031630859   5.703840500610   5.295486341727   4.612567077519   3.866998689315   3.155159997066   2.781647020649   2.251707517556   1.686986205698   0.493176282959  -0.241316702759  -0.546273311339
          1       79.000   5.428000000000   0.000000000000   5.426811213648   5.165774276936   4.980504966617   4.530543682917   3.845025679438   3.091586135766   2.696392877346   2.156134679171   1.605240213375   0.486310672851  -0.230288379144  -0.539241908618
          1       80.000   2.463000000000   0.000000000000   2.477467585731   3.049901703310   3.209724371053   3.315855193786   3.137940524176   2.712817005872   2.430590149850   1.994504287373   1.513460159222   0.484463605284  -0.218662216888  -0.531809632816
          1       81.000   2.403000000000   0.000000000000   2.403892782287   2.451712256466   2.464190821292   2.450565280545   2.336642277120   2.095190558169   1.919307561008   1.620436326736   1.260692960481   0.421945629962  -0.207622802763  -0.523973564820
          1       82.000   3.456000000000   0.000000000000   3.447227002848   2.993260421981   2.804555543684   2.483689668615   2.128036326099   1.783383262402   1.598110085523   1.326149043728   1.023334557728   0.341523439826  -0.197726949797  -0.515888639165
          1       83.000   2.816000000000   0.000000000000   2.815611699068   2.700250680726   2.615128013235   2.403554438772   2.072623409952   1.698387376959   1.497060463988   1.214839075501   0.919147747838   0.297344965664  -0.189499139588  -0.507750191050
          1       84.000   1.229000000000   0.000000000000   1.237076946267   1.566087276776   1.662833769953   1.741037631968   1.670466154580   1.462497240013   1.318485492252   1.090332665849   0.833237128700   0.269620004743  -0.182892247439  -0.499751314921
          1       85.000   0.979000000000   0.000000000000   0.981288400840   1.099965043487   1.144228311132   1.196403070916   1.188894896845   1.093953103800   1.011219206298   0.860532369143   0.671846019940   0.218511878641  -0.177549824186  -0.492045718902
          1       86.000  -0.098000000000   0.000000000000  -0.077076536948   0.310966600494   0.443360157587   0.635098105154   0.756618533601   0.759812762083   0.721453095749   0.627908128913   0.495866639979   0.155400030434  -0.173338407280  -0.484723879871
          1       87.000  -0.054000000000   0.000000000000  -0.050020672393   0.109962415699   0.173212078573   0.285162263456   0.389072123372   0.433756487597   0.429000926093   0.388362481181   0.313303017339   0.089176218812  -0.170250437065  -0.477828746527
          1       88.000  -1.505000000000   0.000000000000  -1.466161187998   0.020086602349   0.058721141488   0.129669736088   0.198489438642   0.232400045983   0.232958933342   0.212198339990   0.168988805763   0.031578871231  -0.168225357962  -0.471378263258
          1       89.000  -0.378000000000   0.000000000000  -0.379037991244  -0.110337404276   0.013616229194   0.051923143120   0.090501517736   0.111183074221   0.112288086230   0.101018191657   0.076124138485  -0.004569479378  -0.167161645904  -0.465410688738
          1       90.000  -0.430000000000   0.010000000000  -0.160789354457  -0.066088544183   0.001550093605   0.018851216961   0.036516766007   0.045381300718   0.044978204065   0.037586329437   0.022728828990  -0.024331579040  -0.166788949107  -0.459930492205
          1       91.000  -0.195000000000   0.011000000000  -0.103630551616  -0.044298470564   0.001385967934   0.006552232848   0.011386566005   0.012094857478   0.010035801661   0.003791538171  -0.006329564872  -0.035559381779  -0.166933253365  -0.454931511517
          1       92.000  -1.029000000000   0.012000000000  -0.086823775841  -0.036900529591   0.000768165541   0.001032511569   0.000939433302   0.000338799879  -0.003611716968  -0.011325014259  -0.019905932942  -0.040073247061  -0.167470815110  -0.450384878622
          1       93.000  -1.766000000000   0.013000000000  -0.087645216478  -0.034617391951  -0.000129692756  -0.000034438354  -0.000173202592  -0.000980810928  -0.005645324667  -0.013936079273  -0.022974448258  -0.042115444852  -0.168282349500  -0.446250772440
          1       94.000  -4.354000000000   0.014000000000  -0.123535017895  -0.034815648794  -0.000180919723  -0.000086819637  -0.000486753247  -0.001003917782  -0.006340852097  -0.015380993037  -0.024485467026  -0.042963165711  -0.169285607881  -0.442506330955
          1       95.000  -5.802000000000   0.015000000000  -0.184837546806  -0.041224972180  -0.000258366295  -0.000086917409  -0.000496006367  -0.001024643361  -0.006450959834  -0.015649085414  -0.024882242122  -0.043536508096  -0.170419131630  -0.439117942961
          1       96.000  -2.488000000000   0.016000000000  -0.172647862684  -0.055305848142  -0.000400176226  -0.000087012949  -0.000504464315  -0.001043561158  -0.006545032277  -0.015879327295  -0.025251998997  -0.044204843528  -0.171640550921  -0.436049779696
          1       97.000  -2.407000000000   0.017000000000  -0.157789913067  -0.058834235193  -0.000712534549  -0.000114508426  -0.000542015775  -0.001061347661  -0.006645924178  -0.016127162487  -0.025648751026  -0.044910180213  -0.172922001454  -0.433275138081
          1       98.000  -5.439000000000   0.018000000000  -0.226964424326  -0.063395268732  -0.001471431148  -0.000114670301  -0.000549450078  -0.001078075109  -0.006729885451  -0.016315731452  -0.025925992254  -0.045269027924  -0.174237674433  -0.430755479584
          1       99.000  -7.492000000000   0.019000000000  -0.353693261016  -0.092212783678  -0.003709124118  -0.000114850107  -0.000556570360  -0.001094098937  -0.006801464693  -0.016470596638  -0.026165545089  -0.045692266751  -0.175575552822  -0.428459009110
          1      100.000  -6.772000000000   0.020000000000  -0.423835284479  -0.139566217241  -0.017079889455  -0.000115032139  -0.000563465344  -0.001109600453  -0.006880403164  -0.016646533166  -0.026442673381  -0.046194600742  -0.176924593251  -0.426360894184
          1      101.000  -9.483000000000   0.021000000000  -0.427419891464  -0.166319215260  -0.055041917340  -0.000115213005  -0.000570196670  -0.001124720421  -0.006967723801  -0.016844856310  -0.026754458167  -0.046734074545  -0.178276472925  -0.424439350713
          1      102.000 -10.102000000000   0.022000000000  -0.516091444388  -0.215212815170  -0.078804834974  -0.000115395488  -0.000576813825  -0.001139572186  -0.007059542425  -0.017053905547  -0.027082232788  -0.047296917140  -0.179624992815  -0.422675268997
          1      103.000 -11.825000000000   0.023000000000  -0.631386731877  -0.267050337485  -0.099179115292  -0.000115580070  -0.000583357590  -0.001154249261  -0.007142331394  -0.017229383493  -0.027339335461  -0.047918823473  -0.180965617974  -0.421051885418
          1      104.000 -10.598000000000   0.024000000000  -0.689301990409  -0.334560109086  -0.166734048731  -0.000115763529  -0.000589861454  -0.001168828262  -0.007213665525  -0.017371983365  -0.027553671383  -0.048645337525  -0.182295056820  -0.419554494489
          1      105.000  -3.911000000000   0.026000000000  -0.515295856548  -0.310337563028  -0.173271933878  -0.000115945922  -0.000596353126  -0.001183372810  -0.007289831613  -0.017527893989  -0.027792107692  -0.049467542909  -0.183610895368  -0.418170193102
          1      106.000  -5.459000000000   0.027000000000  -0.460227293675  -0.258084086460  -0.151716763106  -0.000116076015  -0.000602856700  -0.001197938719  -0.007372970080  -0.017702592119  -0.028061392759  -0.050377314821  -0.184911339922  -0.416887649770
          1      107.000  -4.817000000000   0.028000000000  -0.453061253345  -0.260687598326  -0.161552632122  -0.000116741553  -0.000609394519  -0.001212576540  -0.007461699909  -0.017891136672  -0.028351163185  -0.051363297892  -0.186195068131  -0.415696896358
          1      108.000  -4.606000000000   0.028000000000  -0.441646686669  -0.258661320529  -0.162666203480  -0.000121919302  -0.000615992237  -0.001227332790  -0.007553865504  -0.018087363448  -0.028652656432  -0.052412269097  -0.187461143721  -0.414589143945
          1      109.000  -3.748000000000   0.029000000000  -0.410474888813  -0.248409149924  -0.158597890497  -0.000166727721  -0.000622719544  -0.001242250675  -0.007643180843  -0.018269475051  -0.028919295881  -0.053512923402  -0.188708953135  -0.413556624341
          1      110.000  -4.638000000000   0.030000000000  -0.429053091698  -0.247402391655  -0.160199856638  -0.000505574337  -0.000630088522  -0.001256502518  -0.007718694700  -0.018409931579  -0.029123717961  -0.054660734435  -0.189938140370  -0.412592455905
          1      111.000  -7.505000000000   0.031000000000  -0.479557317237  -0.266591096435  -0.173570025268  -0.001747736576  -0.000643700762  -0.001267417039  -0.007797040100  -0.018558102469  -0.029343722652  -0.055853243233  -0.191148536352  -0.411690529856
          1      112.000  -3.630000000000   0.032000000000  -0.434862889417  -0.280374938319  -0.190252173377  -0.002671714295  -0.000670734262  -0.001276496538  -0.007880545960  -0.018720013771  -0.029586315408  -0.057086483406  -0.192340096762  -0.410845412109
          1      113.000  -4.776000000000   0.033000000000  -0.419287432914  -0.262543757826  -0.182202113543  -0.004690019831  -0.000703697790  -0.001284446944  -0.007969526255  -0.018896497582  -0.029852484116  -0.058355833738  -0.193512860494  -0.410052257728
          1      114.000  -2.860000000000   0.034000000000  -0.374664136313  -0.251126221228  -0.176697912285  -0.010447740171  -0.000781429651  -0.001291480059  -0.008062339437  -0.019082221152  -0.030132098834  -0.059656146411  -0.194666931670  -0.409306735282
          1      115.000  -6.297000000000   0.035000000000  -0.444202018495  -0.253888155914  -0.173539007114  -0.025430786531  -0.001128653200  -0.001297070910  -0.008157748126  -0.019273925652  -0.030421067504  -0.060981714512  -0.195802473413  -0.408604961429
          1      116.000  -7.748000000000   0.036000000000  -0.577549785476  -0.319401063500  -0.210826621920  -0.044956630374  -0.001226840318  -0.001302419400  -0.008254076425  -0.019465119043  -0.030702421016  -0.062326638143  -0.196919804555  -0.407943235916
          1      117.000 -10.589000000000   0.037000000000  -0.799784331561  -0.443511319686  -0.294306908529  -0.066856292243  -0.001228035749  -0.001307988315  -0.008335421836  -0.019609605437  -0.030906239739  -0.063685776002  -0.198018988624  -0.407318846799
          1      118.000 -12.180000000000   0.037000000000  -1.045972124376  -0.620651896006  -0.427913017248  -0.097454669612  -0.001230767706  -0.001313779699  -0.008416811517  -0.019755238466  -0.031117581431  -0.065055091817  -0.199100433854  -0.406728727688
          1      119.000 -15.586000000000   0.038000000000  -1.392062583675  -0.840540739710  -0.585644218578  -0.119136377886  -0.001238909907  -0.001319798434  -0.008502026919  -0.019911400002  -0.031346451872  -0.066431705726  -0.200164465724  -0.406170309942
          1      120.000 -13.391000000000   0.039000000000  -1.498791023528  -0.983996266915  -0.729634007962  -0.260574764250  -0.001239463441  -0.001326049838  -0.008591386287  -0.020078884991  -0.031593890859  -0.067813300807  -0.201211415658  -0.405641266261
          1      121.000  -8.811000000000   0.040000000000  -1.306687150056  -0.929777337970  -0.718745673884  -0.257293490878  -0.001245528010  -0.001332539591  -0.008685027924  -0.020257953232  -0.031860004356  -0.069197888404  -0.202241613781  -0.405139483490
          1      122.000  -9.236000000000   0.040000000000  -1.184943839849  -0.824098336646  -0.637860486257  -0.270551226686  -0.001245763597  -0.001339273807  -0.008781359197  -0.020443519809  -0.032135569350  -0.070583664781  -0.203255387272  -0.404663038562
          1      123.000  -8.923000000000   0.041000000000  -0.980372003319  -0.723811488806  -0.582235365664  -0.271142610546  -0.001249800381  -0.001346258861  -0.008879753756  -0.020634009858  -0.032418961680  -0.071968855522  -0.204253063442  -0.404210177048
          1      124.000  -7.140000000000   0.042000000000  -0.859291180704  -0.637127543363  -0.510706521489  -0.227405816638  -0.001261182031  -0.001353501389  -0.008980280432  -0.020829617821  -0.032710464765  -0.073351664091  -0.205234972928  -0.403779294817
          1      125.000  -6.745000000000   0.042000000000  -0.763845379730  -0.563213562205  -0.452203149041  -0.214367030699  -0.001372629127  -0.001361008048  -0.009069015641  -0.020985645422  -0.032925047672  -0.074730287602  -0.206201451280  -0.403368922465
          1      126.000 -12.382000000000   0.043000000000  -0.915685818244  -0.610627650560  -0.477009530152  -0.237390296175  -0.001912500177  -0.001368784394  -0.009153454835  -0.021131501496  -0.033133324620  -0.076103059167  -0.207152837598  -0.402977712084
          1      127.000 -10.452000000000   0.043000000000  -1.016820128609  -0.711620876526  -0.560339789797  -0.270945348399  -0.003263639143  -0.001376835526  -0.009240739936  -0.021285660902  -0.033355785835  -0.077468636834  -0.208089470372  -0.402604425807
          1      128.000  -6.836000000000   0.044000000000  -0.910311190373  -0.680990547196  -0.552023728551  -0.275095681426  -0.008842468720  -0.001385166815  -0.009331221649  -0.021448977342  -0.033593412282  -0.078826015794  -0.209011682150  -0.402247925567
          1      129.000  -8.370000000000   0.044000000000  -0.868848947913  -0.632616953804  -0.512012669117  -0.266122126735  -0.063518008754  -0.001393783892  -0.009424986456  -0.021621644979  -0.033846480774  -0.080174458431  -0.209919795339  -0.401907163664
          1      130.000 -10.590000000000   0.044000000000  -0.968093188509  -0.682453935680  -0.548715576972  -0.299705282609  -0.095478760818  -0.001402692707  -0.009522162851  -0.021803903743  -0.034115070548  -0.081513419785  -0.210814120582  -0.401581173973
          1      131.000 -10.989000000000   0.044000000000  -1.073969429769  -0.764596805870  -0.614974450314  -0.329955921633  -0.090316648353  -0.001411899615  -0.009621185829  -0.021990863392  -0.034390593550  -0.082842481450  -0.211694957628  -0.401269063863
          1      132.000 -12.187000000000   0.045000000000  -1.187301845234  -0.842042667919  -0.675522125134  -0.356670330523  -0.086482055990  -0.001421411337  -0.009721777724  -0.022181939265  -0.034672827341  -0.084161285254  -0.212562597701  -0.400970006970
          1      133.000 -15.257000000000   0.045000000000  -1.395018679648  -0.976394562013  -0.781069169101  -0.426864045938  -0.161182466758  -0.001431233964  -0.009823989718  -0.022377276756  -0.034961967127  -0.085469481315  -0.213417326209  -0.400683236923
          1      134.000 -15.718000000000   0.045000000000  -1.612824214919  -1.168146665448  -0.954508883221  -0.552428204945  -0.217851504836  -0.001441376657  -0.009920114236  -0.022551090603  -0.035205571740  -0.086766699140  -0.214259424754  -0.400408042005
          1      135.000  -8.684000000000   0.045000000000  -1.418685159852  -1.115552325154  -0.941597239546  -0.563120933956  -0.206305575521  -0.001451880651  -0.010006475757  -0.022698435924  -0.035414216583  -0.088052543645  -0.215089171848  -0.400143760637
          1      136.000 -12.778000000000   0.045000000000  -1.388204475913  -1.044006593632  -0.876708606220  -0.551354975179  -0.273303374532  -0.001463819946  -0.010094663678  -0.022852039409  -0.035634420306  -0.089326636469  -0.215906842128  -0.399889777466
          1      137.000 -11.760000000000   0.045000000000  -1.446340409002  -1.102257859129  -0.927899349827  -0.579871383785  -0.271264970081  -0.001486213588  -0.010185525475  -0.023013383272  -0.035867519899  -0.090588671431  -0.216712704442  -0.399645519843
          1      138.000  -9.467000000000   0.044000000000  -1.333762744384  -1.046066214341  -0.890156748460  -0.560973770544  -0.256947157525  -0.001617104655  -0.010281272245  -0.023183676140  -0.036114087305  -0.091838439496  -0.217507019623  -0.399410454513
          1      139.000 -11.793000000000   0.044000000000  -1.344706947712  -1.026776209081  -0.870322047763  -0.562331230692  -0.292345151488  -0.010892858524  -0.010614026150  -0.023458273735  -0.036405863103  -0.093075829176  -0.218290038664  -0.399184084507
          1      140.000  -8.326000000000   0.044000000000  -1.270450760443  -1.012896747683  -0.873915933112  -0.587291341608  -0.333011710813  -0.086827664351  -0.043283427458  -0.042056706028  -0.043927949589  -0.094300800083  -0.219062003503  -0.398965945580
          1      141.000 -10.992000000000   0.044000000000  -1.300646294635  -1.011252253796  -0.871166643980  -0.599685502053  -0.366019159400  -0.137092520130  -0.046069166777  -0.046044893349  -0.046063766125  -0.095513400724  -0.219823145903  -0.398755603912
          1      142.000 -12.107000000000   0.044000000000  -1.434598820916  -1.108786010689  -0.952240521697  -0.655720529018  -0.407189969151  -0.165578192960  -0.046627416514  -0.046119895752  -0.046121971612  -0.096713839305  -0.220573690393  -0.398552653100
          1      143.000 -13.508000000000   0.043000000000  -1.581904149344  -1.227194822593  -1.056628444244  -0.733691951964  -0.462853310376  -0.199943460673  -0.048239814835  -0.046125760422  -0.046128943495  -0.097902547377  -0.221313856114  -0.398356711905
          1      144.000 -15.798000000000   0.043000000000  -1.800170783205  -1.391904378185  -1.198131753982  -0.835183285035  -0.532804802669  -0.240212799325  -0.052079749613  -0.046126246909  -0.046140049797  -0.099080110452  -0.222043860673  -0.398167422332
          1      145.000 -13.549000000000   0.043000000000  -1.873027861058  -1.497655088057  -1.307907072954  -0.933750645730  -0.607171536997  -0.286563192962  -0.060294048490  -0.046128137782  -0.046158528542  -0.100247148056  -0.222763925598  -0.397984448208
          1      146.000 -13.475000000000   0.042000000000  -1.860528202507  -1.504947859891  -1.324477370212  -0.963682067146  -0.642248097946  -0.323391126168  -0.076192574510  -0.046134569809  -0.046185036345  -0.101404218185  -0.223474282303  -0.397807474306
          1      147.000  -7.814000000000   0.042000000000  -1.624764219413  -1.382275656435  -1.242011295621  -0.935394807369  -0.643264870144  -0.346767862137  -0.100488136827  -0.046152841141  -0.046220010523  -0.102551767464  -0.224175176528  -0.397636206043
          1      148.000  -8.751000000000   0.042000000000  -1.454798404400  -1.226561005224  -1.104299608205  -0.844031525881  -0.597468306709  -0.345966078448  -0.125972658198  -0.046199970135  -0.046263744688  -0.103690119133  -0.224866869869  -0.397470369663
          1      149.000  -6.644000000000   0.041000000000  -1.310358758298  -1.123661375500  -1.017853552053  -0.787220787646  -0.567208048842  -0.342753649750  -0.144894467992  -0.046312254636  -0.046316448803  -0.104819484003  -0.225549638184  -0.397309712602
          1      150.000  -8.957000000000   0.041000000000  -1.285528064051  -1.068943036809  -0.960357653730  -0.740310360541  -0.539791984512  -0.337291638356  -0.158438907352  -0.046555941418  -0.046378300253  -0.105939981851  -0.226223767604  -0.397154003726
          1      151.000 -14.609000000000   0.041000000000  -1.539357890168  -1.203580188792  -1.052782015548  -0.780997101997  -0.559700632356  -0.345165896299  -0.169283962307  -0.047031899926  -0.046449496061  -0.107051665103  -0.226889549229  -0.397003033169
          1      152.000 -17.804000000000   0.040000000000  -1.902811208924  -1.482486990379  -1.288608365841  -0.937496272057  -0.655001695016  -0.385897849126  -0.183503629302  -0.047870045807  -0.046530318399  -0.108154540439  -0.227547273542  -0.396856611644
          1      153.000 -24.090000000000   0.040000000000  -3.258953091516  -2.443086884375  -2.078307606762  -1.442546390351  -0.955589842363  -0.511962083317  -0.214410649388  -0.049228698513  -0.046621224599  -0.109248586544  -0.228197225305  -0.396714569199
          1      154.000 -23.790000000000   0.040000000000  -4.005032286644  -3.174053930061  -2.772197832571  -2.009669850487  -1.362302483943  -0.747164572803  -0.308036995925  -0.051397982525  -0.046722970966  -0.110333767685  -0.228839679371  -0.396576753530
          1      155.000 -17.815000000000   0.040000000000  -3.862777959009  -3.219370511181  -2.881491341132  -2.191386133305  -1.557554248770  -0.928748335940  -0.450385406376  -0.055777784217  -0.046836796738  -0.111410043527  -0.229474897592  -0.396443027994
          1      156.000 -10.450000000000   0.040000000000  -3.110169336062  -2.719224918779  -2.490214640623  -1.982187566831  -1.479993522628  -0.960775739728  -0.543424557162  -0.069821514687  -0.046964877831  -0.112477375864  -0.230103126787  -0.396313269470
          1      157.000  -8.104000000000   0.039000000000  -2.477029927700  -2.195729222784  -2.030289738166  -1.657371954647  -1.282241560052  -0.888855834407  -0.560237785177  -0.107829939195  -0.047112472514  -0.113535733004  -0.230724597660  -0.396187366224
          1      158.000  -9.105000000000   0.039000000000  -2.247809792165  -1.949672164168  -1.791910432305  -1.460001744824  -1.143357486575  -0.817640892569  -0.545928643221  -0.154513808609  -0.047297503893  -0.114585092440  -0.231339524475  -0.396065215881
          1      159.000 -12.195000000000   0.039000000000  -2.392084753283  -1.998863648237  -1.808874462487  -1.441163383099  -1.117080687598  -0.795822121659  -0.539041384589  -0.186442938869  -0.047578096438  -0.115625442388  -0.231948105318  -0.395946723588
          1      160.000 -21.449000000000   0.040000000000  -3.280179774603  -2.583410487601  -2.272298450064  -1.720306622114  -1.279634818392  -0.868392346004  -0.567278858345  -0.212425628225  -0.048100704030  -0.116656782737  -0.232550522767  -0.395831800404
          1      161.000 -24.464000000000   0.040000000000  -4.213087961786  -3.387558327180  -2.997403361317  -2.270808919697  -1.663677781722  -1.093402173294  -0.684665057512  -0.248790195755  -0.049160041730  -0.117679126256  -0.233146944842  -0.395720361939
          1      162.000 -18.745000000000   0.040000000000  -4.242944797909  -3.584243390424  -3.243129286855  -2.555213225660  -1.929912650852  -1.314865949970  -0.856059529057  -0.320963099290  -0.051339620312  -0.118692502042  -0.233737526127  -0.395612327241
          1      163.000  -8.200000000000   0.040000000000  -3.278548349444  -2.966924816239  -2.768350999334  -2.307317544265  -1.834700107750  -1.337253035906  -0.940600557142  -0.410855963439  -0.056319493125  -0.119696966166  -0.234322409017  -0.395507617907
          1      164.000 -12.407000000000   0.040000000000  -3.000074385141  -2.606225413671  -2.406716272434  -1.999704257366  -1.617150849523  -1.225010675588  -0.909480924429  -0.460577691011  -0.069414256573  -0.120692631375  -0.234901725124  -0.395406157406
          1      165.000 -16.478000000000   0.040000000000  -3.341168668655  -2.806716532025  -2.550980508528  -2.062682574075  -1.637495400532  -1.222211269775  -0.905132838585  -0.485930899464  -0.097296490932  -0.121679747936  -0.235475597111  -0.395307870592
          1      166.000 -13.675000000000   0.041000000000  -2.947844488537  -2.598976934038  -2.409761833411  -2.009884728873  -1.628293432178  -1.238587123849  -0.931880047887  -0.518967286355  -0.135128445209  -0.122658947145  -0.236044141714  -0.395212683417
          1      167.000 -14.015000000000   0.041000000000  -2.767812795570  -2.429382832235  -2.252834065481  -1.888763494166  -1.547307590056  -1.199864079186  -0.924390229531  -0.543896010855  -0.173569940021  -0.123632023020  -0.236607476286  -0.395120522881
          1      168.000 -11.805000000000   0.042000000000  -2.604865871930  -2.303718351667  -2.143068768067  -1.807747423117  -1.491382292525  -1.169053749357  -0.913198912239  -0.559463359761  -0.209079854230  -0.124604249920  -0.237165736426  -0.395031317471
          1      169.000 -15.369000000000   0.042000000000  -2.652386314772  -2.292343188713  -2.115562614089  -1.768282274573  -1.456609745555  -1.145765602072  -0.902605353705  -0.570836387291  -0.240761869285  -0.125590385523  -0.237719128166  -0.394944998788
          1      170.000 -15.137000000000   0.042000000000  -2.750983306154  -2.378174178962  -2.191488743266  -1.822571157486  -1.492505403729  -1.165946241017  -0.915136443058  -0.586106805361  -0.269236677595  -0.126628139624  -0.238268078941  -0.394861506690
          1      171.000 -21.705000000000   0.043000000000  -3.153494553685  -2.641544096300  -2.402636425307  -1.957590770490  -1.580861258592  -1.219178088189  -0.949735762084  -0.611305463031  -0.297740444119  -0.127803613082  -0.238813638352  -0.394780804592
          1      172.000 -21.997000000000   0.044000000000  -3.580979592146  -3.020033435702  -2.748202001417  -2.228903816789  -1.781353919949  -1.352057804714  -1.037520028907  -0.658945309420  -0.330604865340  -0.129290409858  -0.239358428243  -0.394702922032
          1      173.000 -29.205000000000   0.044000000000  -4.230303481111  -3.516957296883  -3.181500823788  -2.555341920883  -2.026503762698  -1.526671600450  -1.165919980885  -0.737222548457  -0.375755240525  -0.131399672565  -0.239908627043  -0.394628062655
          1      174.000 -35.295000000000   0.045000000000  -5.190857585582  -4.301186909696  -3.881213394108  -3.096625184945  -2.434833917082  -1.816018899525  -1.376913475076  -0.863492429612  -0.443108064133  -0.134650887608  -0.240477631732  -0.394556851030
          1      175.000 -35.391000000000   0.046000000000  -5.933190988725  -4.999018872585  -4.544055556900  -3.670778198261  -2.911708317608  -2.192207958206  -1.678928645707  -1.065351568383  -0.554457106501  -0.139962571573  -0.241092306287  -0.394490839906
          1      176.000 -38.902000000000   0.047000000000  -6.660033500772  -5.635974373411  -5.139528108619  -4.187725172051  -3.357699221497  -2.569838430535  -2.007263373845  -1.319957456542  -0.723824708522  -0.149467537645  -0.241804357296  -0.394433466638
          1      177.000 -38.770000000000   0.048000000000  -7.274607998390  -6.226724628076  -5.710938083172  -4.709577774144  -3.823480604199  -2.976194931437  -2.369838915318  -1.618100820299  -0.947888408057  -0.170165469495  -0.242718881381  -0.394391823582
          1      178.000 -29.075000000000   0.049000000000  -7.060334111278  -6.230450828903  -5.797033744169  -4.914814315843  -4.093648995734  -3.279559012171  -2.682918128581  -1.918732019975  -1.210151471833  -0.224354734890  -0.244106044494  -0.394380446361
          1      179.000 -28.805000000000   0.050000000000  -6.835187572820  -6.052094513267  -5.653793923977  -4.854225138514  -4.114542802927  -3.378370989471  -2.833870737371  -2.122274194086  -1.440840495373  -0.345540500697  -0.246951837636  -0.394432968776
          1      180.000 -23.775000000000   0.051000000000  -6.523038698609  -5.857253913357  -5.508670777462  -4.794498058407  -4.121463283806  -3.443561886980  -2.938550621099  -2.273007087809  -1.628413616212  -0.519422226086  -0.255430966380  -0.394652659967
          1      181.000 -21.853000000000   0.052000000000  -6.191076674390  -5.591137844082  -5.279413400439  -4.642426264301  -4.041745257730  -3.433987833275  -2.978366070576  -2.371914654010  -1.776613127280  -0.705874955668  -0.282837332235  -0.395440775400
          1      182.000 -20.045000000000   0.053000000000  -5.938279886098  -5.387470687487  -5.101574838110  -4.517960565008  -3.968390509768  -3.412491907048  -2.995470155813  -2.439337288450  -1.890986208216  -0.881070740657  -0.349211687549  -0.398275764978
          1      183.000 -24.702000000000   0.054000000000  -6.191199166668  -5.522862450667  -5.196858536965  -4.563673016963  -3.996845341125  -3.443212671442  -3.037453039520  -2.507239321001  -1.991346361569  -1.039041451581  -0.457162037668  -0.407278464250
          1      184.000 -17.629000000000   0.055000000000  -5.969448494306  -5.458356221451  -5.185561247149  -4.621082948524  -4.086659618440  -3.548418067738  -3.148995062998  -2.625044084177  -2.117911893205  -1.191690914157  -0.591764873620  -0.430092035459
          1      185.000 -17.274000000000   0.056000000000  -5.680527149385  -5.209105348457  -4.965337733431  -4.468276963200  -3.999969482064  -3.525414980658  -3.169191493927  -2.693561407491  -2.223963000936  -1.344782497924  -0.743771848089  -0.475105765143
          1      186.000 -19.367000000000   0.057000000000  -5.784502210584  -5.253137969956  -4.989790193485  -4.471560532286  -4.001323364409  -3.537476698756  -3.195614697072  -2.746375483468  -2.307218615665  -1.485137078380  -0.902925809022  -0.546411741462
          1      187.000 -20.435000000000   0.058000000000  -6.039837515673  -5.463812622820  -5.179700011379  -4.625107945886  -4.128482979665  -3.646081890103  -3.296247376515  -2.845525709267  -2.413863632960  -1.622770350851  -1.059595227365  -0.640574133408
          1      188.000 -21.959000000000   0.060000000000  -6.410711503383  -5.774550296342  -5.464016597110  -4.863828465688  -4.332804376880  -3.823375854900  -3.458529008979  -2.994991499005  -2.557903439346  -1.772212218404  -1.215309828210  -0.749962216220
          1      189.000 -18.577000000000   0.061000000000  -6.018333889638  -5.574708171496  -5.340537266663  -4.857869259961  -4.400617086187  -3.939388219687  -3.597962776199  -3.151063533291  -2.720710431775  -1.937343300671  -1.376012330136  -0.869771047469
          1      190.000 -19.078000000000   0.062000000000  -5.872626265909  -5.438683817482  -5.217709525472  -4.772964253001  -4.359381386098  -3.944859532099  -3.637409254492  -3.231204869952  -2.833905774564  -2.090829663924  -1.537381652498  -0.998223495763
          1      191.000 -26.678000000000   0.062000000000  -6.336447869483  -5.744638152204  -5.464065410014  -4.933131393651  -4.471710777473  -4.032710760027  -3.718821237393  -3.317223431698  -2.933331227249  -2.223084987844  -1.686614084592  -1.130330883181
          1      192.000 -32.267000000000   0.063000000000  -7.225326576652  -6.467051644538  -6.108637736659  -5.436892251650  -4.864533957120  -4.335390030048  -3.968620533207  -3.516398190040  -3.101205262302  -2.367965190206  -1.830431139979  -1.261092746360
          1      193.000 -36.295000000000   0.064000000000  -8.196340148260  -7.314979367238  -6.894784354495  -6.102608575701  -5.424488602965  -4.799895126999  -4.370812792218  -3.847402078574  -3.375015517671  -2.566096327430  -1.994065946244  -1.394766199206
          1      194.000 -36.547000000000   0.065000000000  -8.972174979909  -8.059943664807  -7.616438631743  -6.766450616462  -6.024729742852  -5.333285934245  -4.855676246545  -4.269036160731  -3.737827045004  -2.831662619619  -2.199236200075  -1.543659697860
          1      195.000 -38.664000000000   0.065000000000  -9.655313667619  -8.706204685250  -8.244355364816  -7.356984858321  -6.577968671568  -5.847848386606  -5.341421424494  -4.713982312613  -4.140283772378  -3.149768619407  -2.450807524122  -1.719421650167
          1      196.000 -37.630000000000   0.066000000000 -10.200704966879  -9.263387034717  -8.801395936830  -7.904274229147  -7.106386076657  -6.351377243258  -5.824668942934  -5.166754025005  -4.559962227037  -3.499537390291  -2.739034927778  -1.925960391453
          1      197.000 -35.735000000000   0.066000000000 -10.478480099879  -9.600701720990  -9.162558409377  -8.301887059770  -7.524567754811  -6.778731723013  -6.253081589245  -5.588342788236  -4.967132781020  -3.861934469947  -3.051490317108  -2.160651352546
          1      198.000 -35.489000000000   0.066000000000 -10.706453848317  -9.856228425736  -9.432678484746  -8.600659331904  -7.847023473401  -7.120512509502  -6.605953253371  -5.950000865580  -5.330666396071  -4.210167518438  -3.368909223467  -2.415135111451
          1      199.000 -42.228000000000   0.067000000000 -11.471378399372 -10.471194685718  -9.989581168169  -9.069267812119  -8.260313969429  -7.499773791329  -6.969817696057  -6.301364646163  -5.674189758433  -4.539284265413  -3.677974474894  -2.677857930271
          1      200.000 -44.585000000000   0.067000000000 -12.394388862151 -11.313415345426 -10.787626247465  -9.777394296897  -8.886971826727  -8.053400557349  -7.477158677957  -6.756695652300  -6.087830535846  -4.893266712866  -3.994622418210  -2.946066432033
          1      201.000 -41.170000000000   0.067000000000 -12.828505132772 -11.824321170288 -11.322994796432 -10.339035996660  -9.449882201749  -8.600686237488  -8.006549542113  -7.256024415188  -6.553822801871  -5.293104439850  -4.342873204201  -3.231090109908
          1      202.000 -40.697000000000   0.067000000000 -13.072349320177 -12.111275839237 -11.632094626305 -10.690111015238  -9.833749200727  -9.008581558116  -8.426252615910  -7.682590505856  -6.978172684254  -5.692494979336  -4.706635584871  -3.535544898921
          1      203.000 -34.570000000000   0.067000000000 -12.929570025643 -12.120722313197 -11.704340234405 -10.865076002293 -10.080333631397  -9.305951247415  -8.750681790040  -8.031371866531  -7.340673670743  -6.058902428647  -5.057930071652  -3.846066586424
          1      204.000 -26.853000000000   0.067000000000 -12.252943924468 -11.661329677025 -11.343273521861 -10.679093596521 -10.031673480591  -9.367690163415  -8.877872243977  -8.226706865976  -7.585532113280  -6.359554153515  -5.373246310602  -4.147146939748
          1      205.000 -29.757000000000   0.068000000000 -12.009872121696 -11.394325468971 -11.083399455736 -10.460253709890  -9.873794407516  -9.282856244314  -8.848237538316  -8.267556787578  -7.689216556651  -6.558146624204  -5.620484114196  -4.417366384512
          1      206.000 -22.361000000000   0.068000000000 -11.538457466513 -11.077838810103 -10.827230113558 -10.299384645792  -9.779992530921  -9.241727926610  -8.840575084313  -8.300678049743  -7.760436218725  -6.697844834951  -5.807787455355  -4.644929312151
          1      207.000  -2.526000000000   0.068000000000  -9.654510583081  -9.690963709474  -9.651243701330  -9.478402452292  -9.219648834880  -8.880042194057  -8.592872724366  -8.170510401120  -7.718264190847  -6.773379090354  -5.946702508271  -4.835442487439
          1      208.000 -13.738000000000   0.069000000000  -8.867961323294  -8.754266425482  -8.695033484820  -8.560920980567  -8.403685512833  -8.202976421604  -8.025599037260  -7.746599526452  -7.424642206658  -6.685419956605  -5.980103661415  -4.969252841430
          1      209.000 -10.035000000000   0.069000000000  -8.566520808031  -8.466074152207  -8.400507731537  -8.243474881141  -8.066620310661  -7.859393261482  -7.688734734689  -7.435484864444  -7.155242660492  -6.526572625878  -5.922352555654  -5.028134270782
          1      210.000 -19.152000000000   0.070000000000  -8.798052353705  -8.495064374851  -8.355990968778  -8.095428988792  -7.863592042421  -7.632608708564  -7.458580239300  -7.215158183936  -6.956058394242  -6.389662360424  -5.849939441235  -5.045030027340
          1      211.000 -30.232000000000   0.071000000000 -10.000992981484  -9.371374526049  -9.087385612812  -8.575489995358  -8.155735821576  -7.782281046956  -7.529626382200  -7.213330750037  -6.910963584522  -6.320105319582  -5.799726631551  -5.048901637516
          1      212.000 -37.822000000000   0.072000000000 -11.533673760551 -10.650548246424 -10.241305484399  -9.489664497933  -8.865093194395  -8.313022065019  -7.947711490603  -7.507080324596  -7.108445555324  -6.397265320092  -5.831818731495  -5.076082353715
          1      213.000 -31.569000000000   0.073000000000 -12.140966024723 -11.369133332141 -10.983987458440 -10.232252093204  -9.562157617188  -8.934828330595  -8.504931897051  -7.973526194095  -7.487109502360  -6.629905220395  -5.978331657477  -5.161511470648
          1      214.000 -34.773000000000   0.075000000000 -12.646307751620 -11.825402620667 -11.427358294550 -10.663022198051  -9.987307811610  -9.352649379234  -8.913290361996  -8.361191301859  -7.845584208822  -6.914762350785  -6.197508947156  -5.308542863279
          1      215.000 -27.483000000000   0.077000000000 -12.645266929282 -11.990286345745 -11.651814690959 -10.969950737506 -10.335636721078  -9.715666342962  -9.275956425370  -8.712848029546  -8.178668049238  -7.199763414223  -6.437228340572  -5.490181190165
          1      216.000 -30.676000000000   0.079000000000 -12.814171933753 -12.111710141736 -11.766677820564 -11.094235476171 -10.485223047683  -9.896805830525  -9.479164414791  -8.939778443369  -8.420806578459  -7.447297181462  -6.669368865567  -5.686064087762
          1      217.000 -34.878000000000   0.081000000000 -13.210403005001 -12.495283819969 -12.138167066344 -11.435403603012 -10.795663002154 -10.179444896072  -9.745134238151  -9.188827475112  -8.658087851852  -7.669843103205  -6.880993743906  -5.877553237070
          1      218.000 -29.201000000000   0.083000000000 -13.130002757094 -12.520477853298 -12.206284297806 -11.572497656309 -10.978672392544 -10.391676732628  -9.970471869354  -9.422739494893  -8.893389786829  -7.896019312879  -7.093635028629  -6.068724500256
          1      219.000 -29.165000000000   0.086000000000 -13.019964362434 -12.439270614597 -12.145696089814 -11.559496730975 -11.012647663206 -10.469985701879 -10.077481242353  -9.561398707495  -9.055835826041  -8.085029628264  -7.288603929044  -6.255980812702
          1      220.000 -32.716000000000   0.088000000000 -13.343328917222 -12.676862279735 -12.350646761714 -11.716697772639 -11.143596813492 -10.590116817647 -10.196667078654  -9.685573194808  -9.188915796123  -8.237991701775  -7.454306633480  -6.427669721336
          1      221.000 -34.429000000000   0.091000000000 -13.885796909986 -13.141620938164 -12.778013569281 -12.074717197170 -11.445200702902 -10.846082898193 -10.426189312558  -9.888492858747  -9.373676898952  -8.404637974734  -7.616498908142  -6.588816811532
          1      222.000 -32.728000000000   0.094000000000 -14.222291771321 -13.494129283057 -13.131409475625 -12.419477350455 -11.772353247047 -11.149989319023 -10.711912823042 -10.150208186347  -9.613301454370  -8.609130819900  -7.800431556796  -6.755528100354
          1      223.000 -26.780000000000   0.097000000000 -14.004487323484 -13.425749202796 -13.123639215599 -12.508198225362 -11.924482166344 -11.341899240886 -10.921560376932 -10.371793074034  -9.837476049942  -8.823210963247  -7.999393879486  -6.933696594114
          1      224.000 -38.515000000000   0.101000000000 -14.491288088200 -13.765025090661 -13.406193878842 -12.708834495481 -12.082212561325 -11.483936532613 -11.063026883035 -10.520449425201  -9.996593482943  -8.999537741645  -8.181245617493  -7.110730561664
          1      225.000 -38.543000000000   0.104000000000 -14.623779609325 -13.940958288161 -13.599864161928 -12.927190392948 -12.310016330655 -11.709776165455 -11.283239985356 -10.730650615628 -10.196689485133  -9.184439518536  -8.358531814940  -7.280934698345
          1      226.000 -39.035000000000   0.108000000000 -14.880025067343 -14.176222825151 -13.827016465589 -13.142052283257 -12.517100810345 -11.911933687354 -11.482887519015 -10.927501858568 -10.390789867365  -9.372169359726  -8.539781250643  -7.452500010030
          1      227.000 -36.104000000000   0.111000000000 -15.033565507382 -14.359595318415 -14.020216769109 -13.347346338355 -12.726655656893 -12.120945654370 -11.689871286818 -11.130557482423 -10.589349966799  -9.561696129765  -8.721903337528  -7.624630973588
          1      228.000 -34.723000000000   0.115000000000 -15.058042784295 -14.418266890238 -14.095498401765 -13.453418053192 -12.857343891336 -12.270990170897 -11.850813490245 -11.301895416247 -10.767088549111  -9.743572083482  -8.901548069045  -7.796747451764
          1      229.000 -29.808000000000   0.119000000000 -14.895876775305 -14.340205978609 -14.052663629581 -13.469490084907 -12.916472677624 -12.362588776232 -11.960940221776 -11.431101053974 -10.910304886874  -9.903703033609  -9.067916065587  -7.963284683533
          1      230.000 -30.495000000000   0.123000000000 -14.739087710676 -14.205245020310 -13.934277472921 -13.390547602173 -12.878008123066 -12.363966715489 -11.989206367311 -11.490967999843 -10.996426364775 -10.027101378960  -9.210263676171  -8.117404145579
          1      231.000 -27.770000000000   0.127000000000 -14.637554191314 -14.138433385500 -13.881676082714 -13.362375774209 -12.870012749727 -12.374995356414 -12.013932685526 -11.533836291455 -11.057000624533 -10.119756032856  -9.325169378122  -8.252736357245
          1      232.000 -23.914000000000   0.130000000000 -14.289823015919 -13.881459421620 -13.664909734871 -13.216183975095 -12.778811541965 -12.328223788083 -11.994104442313 -11.543920700591 -11.091600943259 -10.191793668315  -9.420933124762  -8.371489652291
          1      233.000 -28.978000000000   0.134000000000 -14.296429554572 -13.814923502424 -13.577541013555 -13.110405787382 -12.677102400087 -12.245033934643 -11.929202908848 -11.506019033680 -11.080714608189 -10.228543002871  -9.489830349860  -8.471686864500
          1      234.000 -25.394000000000   0.138000000000 -14.370758904839 -13.906383121271 -13.668254926852 -13.189004523250 -12.738432227903 -12.289559332728 -11.964287988715 -11.533803433486 -11.107242473712 -10.266479521924  -9.545872982870  -8.554633166570
          1      235.000 -24.283000000000   0.142000000000 -14.187788787202 -13.769676201511 -13.554252212317 -13.117194535791 -12.700491581314 -12.278467177502 -11.968646348088 -11.554043326442 -11.139369964596 -10.315809099740  -9.607689248453  -8.633686977968
          1      236.000 -22.271000000000   0.146000000000 -13.964917082995 -13.594007061537 -13.400090869974 -13.002161191043 -12.617832280138 -12.223974105862 -11.932330929899 -11.539069317040 -11.142799670498 -10.348719804215  -9.660193307720  -8.707205284086
          1      237.000 -20.464000000000   0.149000000000 -13.657393606843 -13.340130938732 -13.171824260833 -12.821961286339 -12.478519616523 -12.120822050305 -11.852661186922 -11.487048853790 -11.114681010702 -10.359034299369  -9.696030987554  -8.769738023472
          1      238.000 -10.462000000000   0.153000000000 -12.845100336790 -12.726321646043 -12.641383362511 -12.431175253986 -12.190329459014 -11.910961452672 -11.688260946101 -11.371154220707 -11.037015802569 -10.337302813570  -9.708753170487  -8.816948418687
          1      239.000 -10.661000000000   0.157000000000 -11.899626553488 -11.889352593720 -11.865402171607 -11.781627027260 -11.657690661761 -11.486886363658 -11.335591741520 -11.101630945476 -10.837098538394 -10.241316863650  -9.674040804638  -8.838072892699
          1      240.000 -13.396000000000   0.160000000000 -11.473174461538 -11.426018921008 -11.394547150348 -11.313978717376 -11.212387731408 -11.079675344335 -10.962674107194 -10.779385769896 -10.567351314433 -10.070738915284  -9.576195947643  -8.816871829979
          1      241.000 -24.097000000000   0.164000000000 -11.773117335074 -11.527576025838 -11.417384608348 -11.214765404914 -11.037083638204 -10.861646533020 -10.729818426113 -10.543965629071 -10.343444444354  -9.893846779419  -9.450605882755  -8.760829963394
          1      242.000 -28.241000000000   0.167000000000 -12.596317183354 -12.158352751294 -11.955009332677 -11.579235308068 -11.261073344213 -10.971975311661 -10.774263482442 -10.522810422619 -10.278860530004  -9.793055198894  -9.354506693088  -8.699185390583
          1      243.000 -36.334000000000   0.170000000000 -13.602238527296 -12.973414071542 -12.682289966502 -12.146111455224 -11.695675636690 -11.293227849506 -11.024158387596 -10.692452562013 -10.384169221380  -9.811934679210  -9.335583854552  -8.668636216475
          1      244.000 -36.201000000000   0.173000000000 -14.602532365043 -13.877311369412 -13.529832428644 -12.873076448607 -12.306655821645 -11.792743907261 -11.448207020035 -11.025935152319 -10.639698258969  -9.949219508362  -9.406180516316  -8.690487213984
          1      245.000 -24.963000000000   0.176000000000 -14.657703065476 -14.113573155382 -13.830049563686 -13.257540716870 -12.724864630807 -12.208328755111 -11.846361271089 -11.387140390569 -10.955628289439 -10.171096293932  -9.557397226149  -8.772074768907
          1      246.000 -28.853000000000   0.179000000000 -14.427241968334 -13.940704314404 -13.696768560059 -13.211708640431 -12.759495387232 -12.311325824477 -11.988330407669 -11.564811961963 -11.151788987763 -10.365043784839  -9.724562086283  -8.891404323251
          1      247.000 -39.232000000000   0.181000000000 -15.186292921967 -14.482832528946 -14.152269211666 -13.532002267953 -12.993744747337 -12.494279421668 -12.149518920657 -11.711155564532 -11.292730593917 -10.504122073174  -9.859179898462  -9.009302812743
          1      248.000 -39.951000000000   0.183000000000 -16.246370967865 -15.412030239483 -15.010476219864 -14.247142020782 -13.581443139353 -12.969873674987 -12.555232365048 -12.040060590008 -11.562039997372 -10.694991886160 -10.011068532275  -9.129446882947
          1      249.000 -35.069000000000   0.185000000000 -16.657283391011 -15.897748261722 -15.517831965860 -14.772149732210 -14.096461834490 -13.454481162320 -13.009848637886 -12.448920596107 -11.923301170998 -10.968504418823 -10.223515076377  -9.281855654272
          1      250.000 -34.377000000000   0.187000000000 -16.714064069846 -16.024115867237 -15.677849097497 -14.993089323852 -14.362862830556 -13.751373571907 -13.319702147289 -12.764436127430 -12.233540964334 -11.246524169946 -10.462377477073  -9.465851772411
          1      251.000 -29.352000000000   0.188000000000 -16.568577582494 -15.986906737886 -15.686081916923 -15.077317550022 -14.502187045140 -13.930891363373 -13.520809545811 -12.985391490476 -12.465750043560 -11.481231376236 -10.683910606487  -9.656010211383
          1      252.000 -21.569000000000   0.190000000000 -15.884178688920 -15.506101555408 -15.295236747128 -14.843455997447 -14.388621766779 -13.910766665062 -13.554295221866 -13.073750768007 -12.593394508287 -11.652744595529 -10.867790409584  -9.833324150165
          1      253.000 -28.608000000000   0.191000000000 -15.580506926377 -15.160628845331 -14.951127475849 -14.532283428465 -14.133235619152 -13.724027698990 -13.418990586448 -13.003387472098 -12.580175337222 -11.724910993050 -10.984698410549  -9.977432244008
          1      254.000 -26.216000000000   0.191000000000 -15.704786765893 -15.256053211722 -15.027540495428 -14.569547006281 -14.139394842066 -13.710493580723 -13.399168257063 -12.985331643323 -12.573011937172 -11.754488893804 -11.049243296067 -10.079496904454
          1      255.000 -24.641000000000   0.192000000000 -15.526278188619 -15.129346999886 -14.923672628001 -14.504821175108 -14.103484072702 -13.695948595533 -13.396699435874 -12.995814445446 -12.594428075630 -11.796044465480 -11.108485258305 -10.162177613550
          1      256.000 -22.705000000000   0.192000000000 -15.252424429495 -14.911358994714 -14.731623711565 -14.360348267756 -13.998345266920 -13.624502655898 -13.346560109773 -12.970195866821 -12.589536592486 -11.823794349683 -11.157806331483 -10.234354759964
          1      257.000 -21.873000000000   0.193000000000 -14.967070922019 -14.662911542509 -14.502693539589 -14.170941770050 -13.845480000178 -13.506246705388 -13.251777090046 -12.904023464747 -12.548806923963 -11.824903520760 -11.186872142162 -10.292042182363
          1      258.000 -25.324000000000   0.193000000000 -14.969775959357 -14.608672605583 -14.429383315736 -14.074390872081 -13.742092535398 -13.407770339133 -13.161721196983 -12.829250872943 -12.491711803310 -11.804174568656 -11.194855484466 -10.332486430598
          1      259.000 -31.352000000000   0.193000000000 -15.495203112805 -14.979812633206 -14.734619998065 -14.269042646919 -13.857663669867 -13.467937419258 -13.193804084359 -12.837339582526 -12.487581542535 -11.798424397737 -11.201006348464 -10.361912608791
          1      260.000 -32.903000000000   0.193000000000 -16.173550227983 -15.560822305985 -15.264516649989 -14.697469173220 -14.196409778369 -13.727685071517 -13.404117783873 -12.993223337368 -12.601539542629 -11.860331698045 -11.243210139218 -10.400563065929
          1      261.000 -34.715000000000   0.192000000000 -16.720589652119 -16.059667049773 -15.737845139394 -15.118090604547 -14.566171664716 -14.046967877206 -13.687968185334 -13.232707466645 -12.801044174395 -11.995795883850 -11.340662331498 -10.468987088152
          1      262.000 -32.050000000000   0.192000000000 -17.010457825096 -16.385435190916 -16.072569906143 -15.456840047604 -14.894857436486 -14.355273999896 -13.977566915286 -13.494525157221 -13.034099598487 -12.174789495016 -11.480629409569 -10.570033155182
          1      263.000 -29.990000000000   0.191000000000 -16.964942313308 -16.416126813200 -16.136733967046 -15.577761598763 -15.055628830943 -14.541697768818 -14.174882466734 -13.697450154523 -13.234716249712 -12.355971676262 -11.637727707219 -10.693971946832
          1      264.000 -31.965000000000   0.190000000000 -17.018076039985 -16.463903387578 -16.187529864867 -15.641887931178 -15.137488396481 -14.642799047952 -14.289051947809 -13.826161856292 -13.373838768407 -12.503315772491 -11.781161411673 -10.822013830307
          1      265.000 -40.980000000000   0.189000000000 -17.718140297943 -16.982303237971 -16.632604178638 -15.970105775265 -15.387556016923 -14.842044691001 -14.463842520180 -13.980269141164 -13.516268288411 -12.635807491489 -11.909545754573 -10.943149867027
          1      266.000 -41.448000000000   0.188000000000 -18.632847648635 -17.796850929826 -17.390850644687 -16.612277725563 -15.923688216958 -15.283044027541 -14.844761713565 -14.294129241855 -13.777204273648 -12.825705352894 -12.064002656524 -11.070556779217
          1      267.000 -39.988000000000   0.187000000000 -19.095650994206 -18.288207977942 -17.887979958212 -17.106613127573 -16.399689825587 -15.728124417029 -15.262473616668 -14.671849996984 -14.114114921120 -13.087777220500 -12.273804313764 -11.228865360685
          1      268.000 -37.641000000000   0.185000000000 -19.221573722095 -18.487847352830 -18.118117932677 -17.385379399494 -16.708853272274 -16.052499532265 -15.590024628180 -14.994898214987 -14.425153879527 -13.361635080666 -12.510052730652 -11.415903328161
          1      269.000 -35.223000000000   0.184000000000 -19.136074555890 -18.483665153309 -18.151054133304 -17.484460844626 -16.859116659291 -16.241607083802 -15.800177736725 -15.224204565979 -14.664814533647 -13.601815880118 -12.736122591438 -11.611425271801
          1      270.000 -36.533000000000   0.183000000000 -19.123036838362 -18.484250222171 -18.163201116958 -17.525414778455 -16.930792130078 -16.344144990431 -15.923539114235 -15.371670594634 -14.831395177656 -13.791153404842 -12.930545529188 -11.796496633353
          1      271.000 -33.395000000000   0.182000000000 -19.081891783263 -18.493143890022 -18.191727827238 -17.585467770376 -17.013652086063 -16.445102057447 -16.035869614594 -15.497451927350 -14.968939010918 -13.946823742136 -13.095322612072 -11.963126434071
          1      272.000 -30.095000000000   0.181000000000 -18.756534991314 -18.265417363565 -18.008374269419 -17.481373240030 -16.972164551529 -16.453717820389 -16.074075389750 -15.567261333845 -15.062982252038 -14.072918844467 -13.236827185744 -12.113159749170
          1      273.000 -33.310000000000   0.180000000000 -18.622232952679 -18.117492071466 -17.863232167218 -17.355000584463 -16.874676103074 -16.391282604083 -16.038041150012 -15.565125521834 -15.091519364901 -14.150054103661 -13.342537140249 -12.241129449040
          1      274.000 -29.762000000000   0.179000000000 -18.555711174170 -18.082671264385 -17.838110204792 -17.341991754015 -16.868620331211 -16.391560744093 -16.043997965743 -15.580780417322 -15.119094548920 -14.204984996921 -13.420740260138 -12.344882565695
          1      275.000 -27.895000000000   0.179000000000 -18.235601873130 -17.832761183600 -17.621478997467 -17.186580505805 -16.763099302243 -16.327138346165 -16.004464710848 -15.568727633540 -15.129318409718 -14.248959540235 -13.486615303895 -12.433747336273
          1      276.000 -27.360000000000   0.179000000000 -17.958161632341 -17.587276001772 -17.393894123222 -16.996779250671 -16.609892997743 -16.209863498443 -15.912062903212 -15.507129651225 -15.095413590618 -14.260740504367 -13.528601928507 -12.505862823227
          1      277.000 -21.966000000000   0.180000000000 -17.503341764953 -17.231003949374 -17.079032944974 -16.752105125884 -16.418728529093 -16.062030565229 -15.791178122707 -15.417693148248 -15.033544510711 -14.245216218743 -13.545669108129 -12.557969944606
          1      278.000 -12.797000000000   0.180000000000 -16.477936812630 -16.422498813339 -16.366033890497 -16.205825895192 -16.001383937301 -15.747012030559 -15.536826638083 -15.229208681745 -14.897398245061 -14.185119997879 -13.531345710893 -12.588215521624
          1      279.000 -12.596000000000   0.182000000000 -15.414669935481 -15.463142416013 -15.467074652294 -15.435189899623 -15.353244828047 -15.215727218824 -15.083886697191 -14.869710149425 -14.618256441425 -14.030383236192 -13.452904786537 -12.581163444669
          1      280.000  -6.760000000000   0.183000000000 -14.471966386844 -14.624973952575 -14.676467264064 -14.733216575936 -14.729762328279 -14.667963008362 -14.589864142024 -14.445214091035 -14.260074388306 -13.791408891254 -13.300252555490 -12.520735745028
          1      281.000 -11.142000000000   0.185000000000 -13.776561087663 -13.907841805717 -13.963756143451 -14.050582287665 -14.094078000381 -14.091314787835 -14.059674912293 -13.978057214506 -13.854609871181 -13.499467304269 -13.093773071439 -12.411756937032
          1      282.000 -10.480000000000   0.188000000000 -13.485299436073 -13.574171348003 -13.609829832138 -13.662174648422 -13.684557215149 -13.675138109016 -13.647481512273 -13.581706653532 -13.483620747178 -13.196624698957 -12.857640190191 -12.265096529521
          1      283.000  -8.310000000000   0.191000000000 -13.021700776574 -13.147918442914 -13.198384292427 -13.274424546322 -13.313913990039 -13.318862360994 -13.301405611710 -13.250286139358 -13.169083315345 -12.923958289408 -12.629064838375 -12.104088814740
          1      284.000 -10.943000000000   0.194000000000 -12.693428204582 -12.786488768178 -12.828444887321 -12.899142347841 -12.944295048901 -12.962506938166 -12.957591483679 -12.925479703295 -12.864807337847 -12.663168563875 -12.407918576966 -11.940110698488
          1      285.000  -9.790000000000   0.198000000000 -12.493902979890 -12.573766215342 -12.606794729369 -12.658602568974 -12.688020263952 -12.695360453744 -12.686319639847 -12.654012294090 -12.598639744883 -12.420317889582 -12.194457436640 -11.774715693104
          1      286.000 -13.697000000000   0.202000000000 -12.417596937733 -12.436998996962 -12.447225854887 -12.464936757688 -12.473651902651 -12.469309288262 -12.455911895794 -12.422137555186 -12.369209786410 -12.204805875597 -11.998700388522 -11.615043263204
          1      287.000 -18.439000000000   0.206000000000 -12.686177242890 -12.590601035634 -12.550212983535 -12.480353814129 -12.423410484808 -12.369675756444 -12.329183028896 -12.269688931412 -12.200771707778 -12.025752859304 -11.826075773872 -11.465958359000
          1      288.000 -22.163000000000   0.211000000000 -13.183681513631 -12.967368019297 -12.870079319799 -12.695341237074 -12.552432549859 -12.426751839536 -12.342404454177 -12.235509477287 -12.130522903820 -11.911292219260 -11.696097447777 -11.338351227003
          1      289.000 -25.235000000000   0.217000000000 -13.775456823195 -13.454910185061 -13.306846911270 -13.035247697076 -12.808667748352 -12.608393417493 -12.475745653411 -12.312886999314 -12.161279498759 -11.874421702426 -11.623967592836 -11.245348727188
          1      290.000 -24.938000000000   0.222000000000 -14.281854887007 -13.915477048560 -13.739977919830 -13.408275312754 -13.121861298753 -12.861625208541 -12.686872243920 -12.471542259698 -12.272754385242 -11.909523976410 -11.611930332841 -11.194301329045
          1      291.000 -19.432000000000   0.228000000000 -14.349307323799 -14.060563275989 -13.911378921906 -13.611884946437 -13.334501349365 -13.066070301980 -12.877917968993 -12.638199901024 -12.411041005729 -11.989561964445 -11.647344563343 -11.183868555980
          1      292.000 -16.782000000000   0.235000000000 -14.006412653418 -13.827122992139 -13.728188385514 -13.517588349881 -13.307184863643 -13.087349997885 -12.923903098877 -12.704342132082 -12.485492454852 -12.056704664558 -11.694459587040 -11.198792565879
          1      293.000 -17.988000000000   0.241000000000 -13.770741824880 -13.610275504435 -13.526133186164 -13.351463190894 -13.178656301209 -12.996239719484 -12.857928420521 -12.667289687705 -12.471233025496 -12.069652954657 -11.714620610409 -11.213078724175
          1      294.000 -20.288000000000   0.249000000000 -13.853860894576 -13.636731857677 -13.530700388466 -13.323717526425 -13.133286513874 -12.944324722696 -12.806317273200 -12.620726807284 -12.432706515065 -12.048937851711 -11.706058073342 -11.212757180517
          1      295.000 -20.769000000000   0.256000000000 -13.974687106996 -13.740965500058 -13.624183193863 -13.393596737697 -13.180967798596 -12.972192310259 -12.822118266326 -12.624123572373 -12.427737179706 -12.036826349856 -11.694146266112 -11.204507968510
          1      296.000 -14.705000000000   0.263000000000 -13.824229263557 -13.658530825851 -13.566871060818 -13.372635505865 -13.180452521839 -12.981521264250 -12.834208979663 -12.636136525452 -12.437321275925 -12.039684750291 -11.692297332906 -11.199506889633
          1      297.000  -2.864000000000   0.271000000000 -12.959311864696 -13.025891519674 -13.032095748996 -13.001050502482 -12.926117400598 -12.812135879568 -12.710640245591 -12.556578749155 -12.387228746868 -12.020821832479 -11.684084317683 -11.195662215300
          1      298.000  -7.974000000000   0.279000000000 -11.935131285388 -12.110721781457 -12.182878749647 -12.292830636153 -12.350161828698 -12.358520336134 -12.336291032254 -12.272333085061 -12.175590242240 -11.909341166100 -11.623452581573 -11.171469737487
          1      299.000  -9.161000000000   0.286000000000 -11.640895416003 -11.749655782777 -11.798320110095 -11.880775022898 -11.935474010391 -11.962408203422 -11.963578396002 -11.939525426744 -11.887630755684 -11.710058402643 -11.489094238782 -11.101649460175
          1      300.000  -8.952000000000   0.294000000000 -11.453105359734 -11.537454618223 -11.574396093494 -11.636301601321 -11.677321173503 -11.698151556899 -11.699911710867 -11.683226585048 -11.645129620281 -11.508236550855 -11.329035418330 -10.997459747894
          1      301.000  -9.251000000000   0.301000000000 -11.261605537806 -11.336579852685 -11.369679845697 -11.425517871318 -11.463038349003 -11.483041901406 -11.486029922880 -11.473603179923 -11.442699487904 -11.327912296727 -11.174109407909 -10.882227218272
          1      302.000  -5.337000000000   0.308000000000 -11.008912014705 -11.110217828445 -11.152265273375 -11.220340588983 -11.264886375384 -11.289697234073 -11.295883046530 -11.288197236043 -11.263161154924 -11.164301368950 -11.028574741023 -10.766325964289
          1      303.000  -5.422000000000   0.314000000000 -10.578247885710 -10.729501151248 -10.795815919724 -10.908977720613 -10.990242423878 -11.045557362097 -11.070371520799 -11.083240939764 -11.075010940170 -11.002899039245 -10.887065689320 -10.651596901162
          1      304.000 -10.901000000000   0.321000000000 -10.426492697032 -10.521875676776 -10.570235190877 -10.662738461285 -10.739117578133 -10.800162017664 -10.833323272723 -10.860499571439 -10.868164891559 -10.827732106420 -10.737035813815 -10.532565051295
          1      305.000  -7.227000000000   0.326000000000 -10.480060742796 -10.536083061253 -10.561616382192 -10.608037243883 -10.645456530390 -10.675418111396 -10.691644097911 -10.704037109321 -10.704632912865 -10.666762923292 -10.589083897865 -10.409624654678
          1      306.000 -10.978000000000   0.331000000000 -10.377073132503 -10.424614033841 -10.448611065082 -10.494004117464 -10.530544486112 -10.558365140045 -10.572204309445 -10.580818372677 -10.577821408324 -10.536366081267 -10.461316929681 -10.294199646548
          1      307.000 -12.303000000000   0.335000000000 -10.536560847451 -10.515869775029 -10.509306305382 -10.501599295789 -10.498533530039 -10.496693138192 -10.494250264943 -10.487274043710 -10.474112587415 -10.423440290556 -10.348200147904 -10.188594152338
          1      308.000 -12.365000000000   0.338000000000 -10.689115532713 -10.636656426235 -10.612808247617 -10.569698155743 -10.534160276394 -10.502204463033 -10.479977301832 -10.450261192182 -10.418673753694 -10.343290950809 -10.257531696486 -10.095712400462
          1      309.000  -9.689000000000   0.341000000000 -10.664522693321 -10.638675783414 -10.622460513402 -10.585851626586 -10.548002734151 -10.507628824078 -10.476952101734 -10.434451536690 -10.389810159595 -10.291476748059 -10.191527111064 -10.019940072644
          1      310.000  -9.683000000000   0.343000000000 -10.470671230044 -10.482683426976 -10.484465619144 -10.480183877115 -10.466758495215 -10.444048692836 -10.422216262640 -10.386608455513 -10.344465418169 -10.243040920002 -10.136842523306  -9.957719013198
          1      311.000  -8.840000000000   0.343000000000 -10.308512714173 -10.335921474414 -10.345346095534 -10.356075122318 -10.356133123389 -10.345911860591 -10.332296491630 -10.306091108664 -10.271435917667 -10.179501114638 -10.076900395463  -9.899001735755
          1      312.000  -6.048000000000   0.343000000000 -10.040431551814 -10.115262606273 -10.144551563862 -10.188599263713 -10.213288668465 -10.222288083168 -10.220069973193 -10.206174369867 -10.181268270602 -10.103283369231 -10.008621458369  -9.837778933214
          1      313.000  -5.948000000000   0.342000000000  -9.681814196070  -9.798840595867  -9.849798410254  -9.936045613868  -9.997147062335 -10.038183990733 -10.056315579775 -10.065319779063 -10.058963128148 -10.007662971160  -9.928187921285  -9.771000371303
          1      314.000  -5.589000000000   0.340000000000  -9.418176349460  -9.544090308097  -9.601160086517  -9.702272111586  -9.779868506510  -9.839233813856  -9.871249624781  -9.898595664975  -9.909673661258  -9.888691050283  -9.829992351126  -9.693944790822
          1      315.000  -5.557000000000   0.337000000000  -9.203119934857  -9.331149805851  -9.390449534244  -9.497965941312  -9.583664730925  -9.653030802252  -9.693261827396  -9.732368738165  -9.755670832015  -9.758875038073  -9.719537760718  -9.606432207327
          1      316.000  -6.677000000000   0.333000000000  -9.072007884154  -9.182462775649  -9.235645379048  -9.335346350484  -9.418334579592  -9.488905700021  -9.531935847503  -9.576755210971  -9.607355216067  -9.627697930697  -9.604143240701  -9.512120638293
          1      317.000  -6.844000000000   0.329000000000  -9.025810119205  -9.113218650725  -9.155807286971  -9.236901681744  -9.306177682606  -9.367113340877  -9.405576070633  -9.447412720877  -9.477994534753  -9.504684952118  -9.490912908471  -9.415395877144
          1      318.000  -5.156000000000   0.323000000000  -8.917668252091  -9.015170334143  -9.060112927241  -9.142197350945  -9.209412695411  -9.266793766160  -9.302499654907  -9.341170067956  -9.369671252900  -9.396239427113  -9.386491878560  -9.321316479619
          1      319.000  -8.531000000000   0.316000000000  -8.833325636835  -8.911045579295  -8.950594814761  -9.027665640529  -9.094536194613  -9.153790480108  -9.191369306863  -9.232589813472  -9.263456394983  -9.294430789297  -9.289002614313  -9.231817718742
          1      320.000  -7.085000000000   0.309000000000  -8.897936509621  -8.943996067080  -8.967141640794  -9.012984181956  -9.054567335459  -9.093731059825  -9.119993053433  -9.150458123655  -9.174642384437  -9.200725289853  -9.196590011628  -9.145639272419
          1      321.000  -4.574000000000   0.300000000000  -8.764776266041  -8.846548736681  -8.882414118387  -8.945350024350  -8.994660361366  -9.035347797962  -9.060193101374  -9.086801217851  -9.106311174353  -9.124319593267  -9.116530622308  -9.066127192390
          1      322.000  -3.114000000000   0.291000000000  -8.399625956974  -8.552287875017  -8.619849670177  -8.737851126792  -8.828281232125  -8.900101294834  -8.942195486295  -8.985304738378  -9.015611990133  -9.044401613763  -9.040128693800  -8.992500854925
          1      323.000  -2.277000000000   0.281000000000  -8.057526016127  -8.241365480382  -8.325773220758  -8.478291976010  -8.600505974669  -8.702323863622  -8.764537391124  -8.831216655604  -8.881214872471  -8.938652756026  -8.950156868565  -8.915733986854
          1      324.000  -1.871000000000   0.271000000000  -7.781475269006  -7.976081689897  -8.067423275693  -8.236043883564  -8.375279888746  -8.495456416893  -8.571417686573  -8.656103505209  -8.723156941338  -8.810311205579  -8.842299479856  -8.828820200532
          1      325.000  -3.474000000000   0.260000000000  -7.629287621880  -7.801031187971  -7.885097887353  -8.045787359086  -8.184121785645  -8.308544619367  -8.389966947381  -8.484095716776  -8.562019592622  -8.672068215272  -8.722919488016  -8.732009221053
          1      326.000  -3.656000000000   0.248000000000  -7.594872076929  -7.738324540360  -7.808856819753  -7.945383675078  -8.065804565624  -8.177623879492  -8.253117390232  -8.343499943121  -8.421547378606  -8.539699555115  -8.602264851315  -8.629832346112
          1      327.000  -3.094000000000   0.236000000000  -7.468588121161  -7.622190222072  -7.695952817092  -7.835772734079  -7.956234844690  -8.066183134494  -8.139823707980  -8.227845358923  -8.304327806925  -8.423087319939  -8.490321695877  -8.529148271165
          1      328.000  -3.344000000000   0.224000000000  -7.359053849013  -7.506999927210  -7.579199572699  -7.717624161318  -7.838162317915  -7.949020084356  -8.023609280012  -8.113067180369  -8.191123870332  -8.313661756704  -8.385320977493  -8.432626445566
          1      329.000  -2.668000000000   0.211000000000  -7.269575159577  -7.414648295931  -7.484936158536  -7.619299955838  -7.736326102139  -7.844424678111  -7.917614920284  -8.006099687087  -8.084120950794  -8.208875470826  -8.284352002025  -8.339169685923
          1      330.000  -0.795000000000   0.197000000000  -7.066813233916  -7.251660958763  -7.335986691557  -7.490197927145  -7.618667487605  -7.733609634493  -7.810018693710  -7.901254696922  -7.981126898785  -8.108968977616  -8.187705055326  -8.248775535871
          1      331.000   2.453000000000   0.184000000000  -6.583119113814  -6.856230726993  -6.980416780606  -7.204347635131  -7.385375223866  -7.541212158661  -7.641100646969  -7.755810850996  -7.852328499967  -8.000390467838  -8.089096746877  -8.159654301438
          1      332.000   3.933000000000   0.121000000000  -6.204778809400  -6.499232112889  -6.637482252105  -6.893017835318  -7.105336723651  -7.292656534454  -7.414773123833  -7.556656547210  -7.676950831651  -7.861957411310  -7.972882449120  -8.063804152532
          1      333.000   2.320000000000   0.050000000000  -5.963899958460  -6.237796574553  -6.372086846801  -6.628831103206  -6.850173629583  -7.051853974612  -7.186505124360  -7.346245911833  -7.484504046857  -7.702785677162  -7.838168381503  -7.955693393180
          1      334.000   4.165000000000   0.000000000000   3.552653477005  -5.050397634756  -5.806122206335  -6.313677736799  -6.583104095206  -6.813169679110  -6.963775622707  -7.140603396935  -7.293474668887  -7.537947947234  -7.694271196175  -7.837789761453
          1      335.000   4.008000000000   0.000000000000   3.923216179198  -0.396683993671  -1.183519410377  -2.577182655920  -3.694180011218  -4.668395558668  -5.283387679612  -5.944148019018  -6.449338014697  -7.111870307739  -7.441085318163  -7.688421190982
          1      336.000   0.736000000000   0.000000000000   0.727839585519  -0.190241174151  -0.744855834351  -1.809689798577  -2.724248082717  -3.586119184225  -4.177169568629  -4.872640403302  -5.465975436929  -6.376110500478  -6.918743809061  -7.387420856093
          1      337.000   2.550000000000   0.000000000000   2.501920621546  -0.113066722020  -0.620437744181  -1.537370799345  -2.319270331364  -3.068230387874  -3.596282900834  -4.239365339284  -4.813516578471  -5.762429972288  -6.390543830288  -7.003841076630
          1      338.000   1.198000000000   0.000000000000   1.180557155530  -0.008721233545  -0.451486627259  -1.283179890632  -1.999824595712  -2.692518935836  -3.186615458026  -3.794513609307  -4.345824769941  -5.286049761333  -5.941317397246  -6.628494055555
          1      339.000  -0.651000000000   0.000000000000  -0.611027172405  -0.101648004374  -0.447405001003  -1.167741411330  -1.808202407554  -2.436255958961  -2.891360359599  -3.459707864938  -3.983637736508  -4.899420624764  -5.560048068737  -6.285183707043
          1      340.000  -0.880000000000   0.000000000000  -0.878651766367  -0.890834491129  -0.994563840126  -1.384404676379  -1.847534942135  -2.346301260435  -2.730337131937  -3.235439122931  -3.717821378487  -4.589100984243  -5.238714353030  -5.978052834987
          1      341.000   1.318000000000   0.000000000000   1.253715426257  -0.544848052297  -0.864520253791  -1.438669017084  -1.921152683733  -2.387999856755  -2.729032581088  -3.167145694653  -3.588218951235  -4.373385093861  -4.984971413640  -5.711747592265
          1      342.000   2.551000000000   0.000000000000   2.492574394154  -0.224445723518  -0.575648390516  -1.198072705818  -1.716911983308  -2.215673335315  -2.574826417123  -3.022719670505  -3.440722554311  -4.199621986554  -4.784939303816  -5.489543590444
          1      343.000   6.473000000000   0.000000000000   6.391578690365   1.340975117591  -0.161959065644  -0.890042851538  -1.453666572372  -1.987772619638  -2.367856459284  -2.832021428575  -3.257738806261  -4.017487372284  -4.596258347673  -5.291803334898
          1      344.000   3.580000000000   0.000000000000   3.554774865603   1.458754347221   0.330148946276  -0.586342141592  -1.165968894029  -1.721859211816  -2.120767870587  -2.605370410957  -3.045992272065  -3.822181849519  -4.406129685801  -5.103740722307
          1      345.000   4.215000000000   0.000000000000   4.179414838801   1.836094611496   0.670568694159  -0.444289801258  -0.994519563326  -1.529822654564  -1.920341081359  -2.400753597963  -2.841761210428  -3.623997559937  -4.214024948884  -4.919019802770
          1      346.000   3.583000000000   0.000000000000   3.558665139955   1.816190569446   0.918906283951  -0.314265217398  -0.851154268849  -1.374075201758  -1.757487922531  -2.229593100894  -2.664427896073  -3.440583874635  -4.030326029032  -4.739556128267
          1      347.000   2.324000000000   0.000000000000   2.310703032100   1.235683183755   0.653421768414  -0.252081688105  -0.759059358101  -1.256783728446  -1.625784196973  -2.084109974763  -2.509304294479  -3.274036585130  -3.859524746366  -4.568885052841
          1      348.000   1.486000000000   0.000000000000   1.477719691549   0.800774581182   0.432125133120  -0.227444912248  -0.703576128349  -1.173843251415  -1.525689400016  -1.966406039892  -2.378363209330  -3.125744592734  -3.703089280561  -4.408587084410
          1      349.000   3.992000000000   0.000000000000   3.958250185329   1.993999885956   1.086278541502  -0.200131327263  -0.660092714667  -1.110326545378  -1.447563191196  -1.870983474968  -2.268681161387  -2.995479071864  -3.561715892795  -4.259686608587
          1      350.000   5.341000000000   0.000000000000   5.303475517785   2.925148458635   1.768003732271  -0.100987225205  -0.569675540131  -1.023937157519  -1.361869175280  -1.779843074442  -2.169253193486  -2.879179992265  -3.433908347729  -4.122156123269
          1      351.000   5.157000000000   0.000000000000   5.127733168237   3.106928130471   2.080140657707   0.028356307227  -0.457268668543  -0.919784955472  -1.263307925768  -1.682474678921  -2.069176563471  -2.769399284217  -3.315366008091  -3.994474880563
          1      352.000   5.666000000000   0.000000000000   5.633324475663   3.475432016777   2.407562595595   0.327387114502  -0.369907700369  -0.831512377281  -1.173309627087  -1.588207796731  -1.970723040819  -2.662987708018  -3.202427134899  -3.874139277786
          1      353.000   7.667000000000   0.000000000000   7.621983489298   4.823483554973   3.482014098063   0.893100819710  -0.303794008209  -0.752083576898  -1.088754724262  -1.499115857496  -1.877444477781  -2.561622427689  -3.094804061606  -3.759747402774
          1      354.000  10.441000000000   0.000000000000  10.384148627056   6.886747906703   5.226252290371   2.055357098090  -0.197860230391  -0.658605055601  -1.002083152979  -1.413175948170  -1.788835850319  -2.465469419429  -2.992483312380  -3.650792977694
          1      355.000   6.029000000000   0.000000000000   6.018924278006   4.725294607628   3.899509871143   2.020312274099  -0.082070433628  -0.555791059063  -0.908381902809  -1.323793934909  -1.699758129797  -2.372381351492  -2.894554354290  -3.546853907413
          1      356.000   7.970000000000   0.000000000000   7.931199752099   5.552182331365   4.428232174951   2.312423648830  -0.001417710273  -0.479622779051  -0.831266550520  -1.242399213291  -1.614854635551  -2.281989941183  -2.799920211429  -3.447067028622
          1      357.000   4.829000000000   0.000000000000   4.821992422218   3.910387113185   3.323464761589   1.973078003704   0.043135683372  -0.419638474393  -0.763499329622  -1.168805794322  -1.536781225006  -2.196623147280  -2.709489769557  -3.351236765800
          1      358.000   7.193000000000   0.000000000000   7.157530797171   5.064040730483   4.100696604508   2.316186403153   0.173828352610  -0.376436307144  -0.711297368016  -1.106605031665  -1.467349217872  -2.117174245639  -2.623934334403  -3.259615708654
          1      359.000  11.072000000000   0.000000000000  11.017845514948   7.862519799159   6.430314330852   3.821923363637   0.765249734007  -0.318219482794  -0.657864508094  -1.049776961625  -1.404858979424  -2.044122213407  -2.543808421587  -3.172485450991
          1      360.000  11.950000000000   0.000000000000  11.905791160008   9.017674623029   7.606243325177   4.895078163613   1.599118688805  -0.238851174195  -0.600003781685  -0.993677408391  -1.345260288885  -1.975771444955  -2.468633002300  -3.089935176620
          1      361.000   6.985000000000   0.000000000000   6.982379231530   6.116302847459   5.475201433195   3.895446209113   1.499267195903  -0.164590919361  -0.538199718269  -0.934442937522  -1.285248415696  -1.910179727711  -2.397266857627  -3.011528931214
          1      362.000  11.380000000000   0.000000000000  11.327189488511   8.333622404796   7.002113878319   4.622235499876   1.913967235064  -0.108075577036  -0.481540001184  -0.877507189942  -1.226655232546  -1.846460272397  -2.328584816587  -2.936481491882
          1      363.000   7.983000000000   0.000000000000   7.972672134961   6.798873290814   6.068283590667   4.411339826107   2.042173434065  -0.053473741013  -0.436901218963  -0.827440070791  -1.172320921507  -1.785445534325  -2.262571203914  -2.864417460848
          1      364.000  11.033000000000   0.000000000000  10.988052845685   8.344937440661   7.136119728082   4.924372818684   2.362376688852   0.016513274612  -0.393122699950  -0.781787194626  -1.122584731339  -1.728056015084  -2.199667502948  -2.795275011098
          1      365.000  11.793000000000   0.000000000000  11.755946687347   9.336543042831   8.150889309017   5.856816628885   3.028387288985   0.332379084565  -0.345026834083  -0.737923244547  -1.075749371182  -1.673979098035  -2.139960402023  -2.729125991445
