   1.0000000000000000     
   11.792999999999999     
   11.792853064316507     
   11.792706128650940     
   11.792559193021226     
   11.792412257445296     
   11.792265321941070     
   11.792118386526475     
   11.791971451219439     
   11.791824516037892     
   11.791677580999757     
   11.791530646122961     
   11.791383711425427     
   11.791236776925086     
   11.791089842639861     
   11.790942908587676     
   11.790795974786455     
   11.790649041254124     
   11.790502108008607     
   11.790355175067825     
   11.790208242449706     
   11.790061310172170     
   11.789914378253140     
   11.789767446710542     
   11.789620515562291     
   11.789473584826313     
   11.789326654520529     
   11.789179724662862     
   11.789032795271227     
   11.788885866363545     
   11.788827094940995     
   11.788768323599895     
   11.788709552341389     
   11.788680166743539     
   11.788650781166769     
   11.788621395611221     
   11.788606702841458     
   11.788597887182171     
   11.788594948629505     
   11.788592010077053     
   11.760605798304521     
   11.732619622363993     
   11.648661495261244     
   11.508734476333384     
   11.228904016660252     
   10.949135914930530     
   10.669461023586940     
   10.389910093560314     
   9.5521847669997104     
   8.9949282897360519     
   8.4388903386002738     
   7.8843023890786688     
   7.3313893586342527     
   6.7803683115752058     
   6.2314469559320536     
   5.5246041330087712     
   4.8220195692303172     
   4.1240439084114158     
   3.4309678751245594     
   2.7430077510491961     
   2.0602902878914953     
   1.3828404976163713     
  0.71057819246210041     
  0.26280614678833769     
  -9.8474296105642400E-002
 -0.26329745797345161     
 -0.38697220493825008     
 -0.49491909606357321     
 -0.59417530038832356     
 -0.68773590240380034     
 -0.77715806608383309     
 -0.86335811567745058     
 -0.94692371840456113     
  -1.0282564693572793     
  -1.1076444760029038     
  -1.1853024715121880     
  -1.2613954721430425     
  -1.3360534882743687     
  -1.4093810837846856     
  -1.4814638225775467     
  -1.5523727555587663     
  -1.6221676298222503     
  -1.6908992387063204     
  -1.7586111785277425     
  -1.8253411857819950     
  -1.8911221714326849     
  -1.9559830323895211     
  -2.0199492963450960     
  -2.0830436401039947     
  -2.1452863105679674     
  -2.2066954698963834     
  -2.2672874809430388     
  -2.3189301481186542     
  -2.3700255596287487     
  -2.4206069534590000     
  -2.5447979286997926     
  -2.6658560895913146     
  -2.7838253260748482     
  -2.8987436243976124     
  -3.0106444312621123     
  -3.1195577084622759     
  -3.2255107591555916     
  -3.3285288829196817     
  -3.4286359005281581     
  -3.5258545782191462     
  -3.6202069734153022     
  -3.7117147182990786     
  -3.8003992536434730     
  -3.8862820223768657     
  -3.9693846302040021     
  -4.0497289789966135     
  -4.1273373774556914     
  -4.2022326326268953     
  -4.2744381251452666     
  -4.3439778705407708     
  -4.4751298266283008     
  -4.5959262949446362     
  -4.7065858035354724     
  -4.8073396787126708     
  -4.8984320425765606     
  -4.9801195261877833     
  -5.0526707560229411     
  -5.1163656602694276     
  -5.1714946333842144     
  -5.2183575911465798     
  -5.2572629435478202     
  -5.2885265088887454     
  -5.3124703891487917     
  -5.3294218238870084     
  -5.3397120375262244     
  -5.3436750927809253     
  -5.3416467611604919     
  -5.3339634198684873     
  -5.3209609829906253     
  -5.3029738735901555     
  -5.2803340421857357     
  -5.2533700360543438     
  -5.2224061228645855     
  -5.1877614712919247     
  -5.1497493904876643     
  -5.1086766295611969     
  -5.0648427375857201     
  -5.0185394840481008     
  -4.9193587420823217     
  -4.7582132868646765     
  -4.5306277231729055     
  -4.3593133490295966     
  -4.0829678331357542     
  -3.8346758949910713     
  -3.6248882806730300     
  -3.4271126981412472     
  -3.2678592267882456     
  -3.1407181114324407     
  -3.0423386058890660     
  -2.9688193721597864     
  -2.9161188332595920     
  -2.8803415055519408     
  -2.8579214978192913     
  -2.8457242766040740     
  -2.8410867550131327     
  -2.8418137814082800     
  -2.8540839861886251     
  -2.8713686832202652     
  -2.8886374085031576     
  -2.9036223650429123     
  -2.9156320891867691     
  -2.9247753994863324     
  -2.9314995723723012     
  -2.9363401282903889     
  -2.9418793008922313     
  -2.9446495143829372     
  -2.9449821433424979     
  -2.9449998068989367     
  -2.9449999958546029     
  -2.9449999999199798     
  -2.9449999999985286     
  -2.9450000000000003     
